1 0 0 0 0 1 0 0 0 0 1 0 
0.99999 -0.0026951 -0.00345262 0.00238732 0.00268799 0.999994 -0.00206262 -0.00858884 0.00345816 0.00205332 0.999992 0.681303 
0.999973 0.000119726 -0.0073738 0.00360654 -0.000144954 0.999994 -0.00342079 -0.0160378 0.00737335 0.00342176 0.999967 1.36994 
0.999945 0.000567851 -0.0105184 -0.029048 -0.000619241 0.999988 -0.00488314 -0.02396 0.0105155 0.00488938 0.999933 2.05883 
0.999876 0.00220573 -0.0155979 -0.0356995 -0.00228492 0.999985 -0.00506129 -0.0465166 0.0155865 0.0050963 0.999866 2.80149 
0.999801 0.00197811 -0.0198513 -0.0590971 -0.00208846 0.999982 -0.0055396 -0.0540938 0.01984 0.00557996 0.999788 3.54406 
0.999689 0.00401866 -0.0246296 -0.0775827 -0.00418504 0.999969 -0.00670772 -0.067165 0.0246019 0.00680871 0.999674 4.29548 
0.99953 0.00646515 -0.0299534 -0.095204 -0.00666809 0.999955 -0.00668013 -0.0899087 0.0299089 0.00687673 0.999529 5.06416 
0.999377 0.00719779 -0.0345435 -0.123466 -0.00738231 0.999959 -0.00521702 -0.0982813 0.0345046 0.00546878 0.99939 5.84382 
0.999227 0.0065169 -0.0387785 -0.158008 -0.00661516 0.999975 -0.00240626 -0.119948 0.0387618 0.00266092 0.999245 6.62645 
0.999074 0.00605185 -0.042607 -0.191691 -0.00603823 0.999982 0.000448358 -0.143196 0.0426089 -0.000190672 0.999092 7.44586 
0.998947 0.00880284 -0.0450237 -0.232705 -0.00880999 0.999961 3.95976e-05 -0.164002 0.0450223 0.000357103 0.998986 8.26194 
0.998844 0.00822641 -0.0473615 -0.291031 -0.00823641 0.999966 -1.61142e-05 -0.176791 0.0473598 0.000406185 0.998878 9.12316 
0.998767 0.0061102 -0.0492749 -0.326091 -0.00615452 0.999981 -0.000747809 -0.185602 0.0492694 0.00105015 0.998785 9.97596 
0.998673 0.00650904 -0.0510909 -0.395198 -0.00651642 0.999979 2.19602e-05 -0.196331 0.05109 0.000310999 0.998694 10.8552 
0.998629 0.00231074 -0.0522962 -0.468296 -0.00232775 0.999997 -0.000264389 -0.195636 0.0522954 0.000385759 0.998632 11.7465 
0.998521 0.00481368 -0.0541574 -0.509057 -0.00494284 0.999985 -0.00225112 -0.21253 0.0541458 0.00251548 0.99853 12.5903 
0.998444 0.00797666 -0.0551912 -0.578231 -0.00824683 0.999955 -0.00466918 -0.241693 0.0551515 0.00511707 0.998465 13.4714 
0.998312 0.0127274 -0.0566599 -0.667034 -0.0130892 0.999896 -0.00601776 -0.254942 0.0565774 0.00674924 0.998375 14.3875 
0.998211 0.0150132 -0.0578667 -0.693273 -0.0153546 0.999867 -0.00546044 -0.283513 0.057777 0.00633919 0.998309 15.2364 
0.99813 0.0157612 -0.0590584 -0.739604 -0.0160361 0.999863 -0.00418483 -0.307232 0.0589843 0.00512408 0.998246 16.0936 
0.998014 0.0184309 -0.0602348 -0.812974 -0.0186436 0.999822 -0.00297186 -0.327236 0.0601693 0.00408895 0.99818 17.0084 
0.997965 0.0184884 -0.0610202 -0.875438 -0.0187078 0.99982 -0.00302619 -0.339751 0.0609533 0.00416159 0.998132 17.9197 
0.997907 0.0175356 -0.0622399 -0.961558 -0.0177814 0.999836 -0.00339751 -0.360072 0.0621702 0.00449711 0.998055 18.8644 
0.997895 0.0165796 -0.062696 -1.04558 -0.0169328 0.999844 -0.0051068 -0.360203 0.0626015 0.00615767 0.99802 19.8059 
0.997879 0.0143793 -0.0634947 -1.09423 -0.0146392 0.999886 -0.00362978 -0.362764 0.0634353 0.00455159 0.997976 20.7128 
0.997892 0.0141658 -0.0633315 -1.16457 -0.0142066 0.999899 -0.000194308 -0.367375 0.0633223 0.00109363 0.997993 21.6221 
0.997941 0.0149229 -0.0623767 -1.23251 -0.0147371 0.999885 0.00343716 -0.379884 0.0624208 -0.00251083 0.998047 22.5514 
0.998081 0.0137315 -0.0603837 -1.32613 -0.0133828 0.999891 0.00617577 -0.386273 0.0604619 -0.00535582 0.998156 23.5318 
0.998215 0.0128599 -0.0583201 -1.44163 -0.0124632 0.999897 0.00716134 -0.394054 0.0584062 -0.0064217 0.998272 24.5314 
0.998278 0.013119 -0.0571673 -1.48928 -0.0128845 0.999907 0.00446778 -0.409162 0.0572206 -0.00372352 0.998355 25.4563 
0.998296 0.014407 -0.0565539 -1.52942 -0.0144488 0.999896 -0.000331241 -0.408676 0.0565432 0.00114781 0.998399 26.3776 
0.998361 0.0144564 -0.0553812 -1.58015 -0.0146297 0.999889 -0.00272489 -0.442859 0.0553357 0.00353064 0.998462 27.3247 
0.998379 0.0115546 -0.0557234 -1.60488 -0.0117033 0.999929 -0.00234302 -0.439926 0.0556924 0.00299137 0.998443 28.2704 
0.998425 0.00859665 -0.055437 -1.71159 -0.0084776 0.999961 0.0023823 -0.45067 0.0554553 -0.00190858 0.998459 29.3039 
0.99841 0.00523334 -0.0561189 -1.76614 -0.0049247 0.999972 0.00563666 -0.468538 0.0561468 -0.00535133 0.998408 30.2803 
0.998406 -0.0017425 -0.0564043 -1.85689 0.0019937 0.999988 0.00439757 -0.473419 0.056396 -0.00450302 0.998398 31.3027 
0.998346 -0.00138223 -0.0574675 -1.927 0.00138281 0.999999 -2.96602e-05 -0.476419 0.0574674 -4.98554e-05 0.998347 32.2686 
0.998278 -0.000567114 -0.0586605 -2.00041 0.000328538 0.999992 -0.00407663 -0.480892 0.0586623 0.00405033 0.99827 33.2544 
0.998136 0.00114036 -0.0610206 -2.0591 -0.00143097 0.999988 -0.00471889 -0.501079 0.0610144 0.00479741 0.998125 34.2455 
0.998083 0.00182903 -0.0618576 -2.12212 -0.00204096 0.999992 -0.00336308 -0.519737 0.061851 0.00348288 0.998079 35.255 
0.998051 0.00442081 -0.0622464 -2.23255 -0.00445459 0.99999 -0.00040392 -0.540281 0.062244 0.000680415 0.998061 36.2817 
0.997978 0.0036638 -0.0634523 -2.29801 -0.00361918 0.999993 0.000818167 -0.549352 0.0634549 -0.000586868 0.997985 37.2943 
0.997906 0.00501734 -0.0644876 -2.36551 -0.00480757 0.999983 0.00340774 -0.558427 0.0645036 -0.00309058 0.997913 38.2823 
0.997971 0.00498693 -0.0634723 -2.46006 -0.0045542 0.999965 0.0069604 -0.585982 0.0635048 -0.00665721 0.997959 39.2645 
0.997881 0.0118556 -0.0639702 -2.53146 -0.0113016 0.999895 0.00901576 -0.581298 0.0640704 -0.00827369 0.997911 40.2517 
0.997881 0.0121113 -0.0639352 -2.61172 -0.011592 0.999897 0.00848593 -0.593003 0.0640314 -0.00772681 0.997918 41.2512 
0.99785 0.0131016 -0.0642221 -2.62506 -0.0126911 0.999896 0.0067963 -0.597948 0.0643045 -0.00596664 0.997912 42.1809 
0.99782 0.0152822 -0.0642004 -2.6777 -0.0150055 0.999876 0.00479064 -0.602084 0.0642657 -0.00381684 0.997926 43.1507 
0.997738 0.0159948 -0.0652893 -2.73638 -0.015707 0.999865 0.00491865 -0.621557 0.0653591 -0.00388202 0.997854 44.1548 
0.997681 0.0136156 -0.066687 -2.8065 -0.0132803 0.999897 0.00546829 -0.619552 0.0667546 -0.00456999 0.997759 45.16 
0.997633 0.0135677 -0.067415 -2.88367 -0.013158 0.999892 0.00651786 -0.629313 0.0674962 -0.00561538 0.997704 46.1586 
0.997611 0.0165785 -0.0670634 -2.99302 -0.0164185 0.999861 0.00293599 -0.629127 0.0671028 -0.00182789 0.997744 47.1692 
0.997491 0.0179195 -0.0684808 -3.08874 -0.0180813 0.999835 -0.00174302 -0.629478 0.0684382 0.00297686 0.997651 48.1778 
0.997429 0.0188957 -0.0691299 -3.15336 -0.0191378 0.999813 -0.00284148 -0.645116 0.0690633 0.00415716 0.997604 49.1091 
0.997398 0.0187446 -0.0696167 -3.19665 -0.0187354 0.999824 0.000785614 -0.672467 0.0696192 0.000520725 0.997574 50.0772 
0.997411 0.0161967 -0.0700707 -3.26616 -0.0159728 0.999865 0.00375522 -0.687778 0.0701221 -0.00262627 0.997535 51.0554 
0.997433 0.0147762 -0.0700636 -3.34874 -0.014562 0.999888 0.00356688 -0.684263 0.0701084 -0.00253746 0.997536 52.0273 
0.997481 0.0120396 -0.0699031 -3.42741 -0.0119029 0.999926 0.00237074 -0.698588 0.0699265 -0.00153271 0.997551 53.0028 
0.997476 0.0109985 -0.0701485 -3.5088 -0.01094 0.999939 0.00121716 -0.730542 0.0701576 -0.000446663 0.997536 53.9838 
0.997419 0.0103794 -0.0710412 -3.58229 -0.0102512 0.999945 0.00216843 -0.748873 0.0710598 -0.00143457 0.997471 54.9346 
0.997384 0.00852553 -0.0717795 -3.67152 -0.0080961 0.999948 0.00627145 -0.780307 0.0718292 -0.00567392 0.997401 55.8956 
0.99733 0.00815954 -0.0725632 -3.73127 -0.00738568 0.999913 0.0109266 -0.791167 0.072646 -0.0103615 0.997304 56.8225 
0.997256 0.010865 -0.0732219 -3.81269 -0.00986251 0.999853 0.014039 -0.821307 0.0733637 -0.0132783 0.997217 57.7866 
0.997138 0.0120936 -0.0746332 -3.88983 -0.0113578 0.999883 0.0102754 -0.822415 0.0747487 -0.00939836 0.997158 58.7407 
0.997015 0.0144168 -0.0758463 -3.97397 -0.0142578 0.999895 0.00263764 -0.824032 0.0758763 -0.00154837 0.997116 59.6758 
0.996929 0.0178108 -0.0762573 -4.06175 -0.0180116 0.999836 -0.0019456 -0.840664 0.0762102 0.00331314 0.997086 60.5839 
0.996715 0.023926 -0.0773751 -4.13813 -0.0240451 0.999711 -0.000607045 -0.863232 0.0773382 0.00246554 0.997002 61.4814 
0.996637 0.0261736 -0.0776539 -4.23842 -0.0261967 0.999657 0.000720592 -0.865116 0.0776461 0.00131611 0.99698 62.3936 
0.996499 0.0281663 -0.0787208 -4.32743 -0.028059 0.999603 0.00246922 -0.880754 0.0787591 -0.000251747 0.996894 63.3048 
0.996398 0.0285198 -0.0798648 -4.39354 -0.0284347 0.999593 0.00220306 -0.89217 0.0798951 7.58085e-05 0.996803 64.1594 
0.9962 0.0307701 -0.0814822 -4.46841 -0.0306175 0.999526 0.00312142 -0.912752 0.0815396 -0.000614771 0.99667 65.0291 
0.996067 0.0314319 -0.0828444 -4.53667 -0.0312193 0.999505 0.00386098 -0.927744 0.0829248 -0.00125945 0.996555 65.8472 
0.995905 0.0328206 -0.0842352 -4.61204 -0.0325539 0.99946 0.00453793 -0.953834 0.0843386 -0.00177716 0.996436 66.693 
0.995751 0.0336627 -0.0857171 -4.67913 -0.0333315 0.99943 0.00529222 -0.966679 0.0858464 -0.00241265 0.996305 67.4987 
0.995548 0.0361483 -0.087046 -4.75971 -0.0355617 0.999333 0.00828083 -0.979283 0.0872873 -0.00514846 0.99617 68.3086 
0.995339 0.0386025 -0.0883779 -4.83067 -0.0376105 0.99921 0.0128632 -1.00009 0.0888046 -0.00947933 0.996004 69.0834 
0.995041 0.0424841 -0.0899311 -4.90821 -0.0412963 0.999034 0.0150283 -1.01208 0.0904827 -0.01124 0.995835 69.8392 
0.994799 0.0458154 -0.0909729 -4.9936 -0.0449765 0.998925 0.0112515 -1.01841 0.0913906 -0.00710138 0.99579 70.5771 
0.994576 0.0472383 -0.0926622 -5.04866 -0.047144 0.998883 0.00320728 -1.00234 0.0927102 0.00117858 0.995692 71.3063 
0.994437 0.0474393 -0.0940502 -5.11081 -0.0478794 0.99885 -0.00242695 -1.01997 0.093827 0.00691652 0.995564 72.007 
0.994312 0.0488448 -0.0946412 -5.18409 -0.0493934 0.998773 -0.00346103 -1.03114 0.0943561 0.00811599 0.995505 72.7037 
0.994105 0.0508928 -0.0957312 -5.24581 -0.0511221 0.998692 5.82711e-05 -1.03909 0.095609 0.00483605 0.995407 73.3897 
0.993947 0.0516509 -0.0969666 -5.32708 -0.0516608 0.998662 0.00240995 -1.06098 0.0969613 0.00261401 0.995285 74.0523 
0.994034 0.0492874 -0.0972989 -5.41228 -0.0496386 0.998767 -0.00119144 -1.06636 0.0971201 0.00601412 0.995254 74.6921 
0.994388 0.0429875 -0.0966668 -5.48371 -0.043873 0.999012 -0.00705257 -1.08591 0.0962681 0.0112541 0.995292 75.305 
0.994648 0.0398206 -0.0953421 -5.5512 -0.041162 0.999079 -0.0121435 -1.09606 0.0947707 0.016003 0.99537 75.9174 
0.994868 0.0428062 -0.0916842 -5.63228 -0.0441118 0.998951 -0.0122604 -1.10348 0.0910632 0.0162419 0.995713 76.4848 
0.994998 0.0482245 -0.0874841 -5.70276 -0.0492524 0.99874 -0.00962819 -1.10116 0.0869096 0.0138888 0.996119 77.0568 
0.9955 0.0464056 -0.0826194 -5.76712 -0.0471319 0.998865 -0.00686142 -1.11196 0.0822072 0.0107245 0.996558 77.6302 
0.996141 0.0421486 -0.076983 -5.80174 -0.0425158 0.999091 -0.00313682 -1.12705 0.0767808 0.00639771 0.997027 78.1741 
0.996918 0.0376086 -0.0688508 -5.83788 -0.0376867 0.99929 0.000164658 -1.14825 0.0688081 0.00243061 0.997627 78.7028 
0.99748 0.0418351 -0.0572994 -5.90462 -0.0419399 0.99912 -0.000626561 -1.14286 0.0572228 0.00302812 0.998357 79.2408 
0.997988 0.0474113 -0.0420894 -5.93917 -0.0474869 0.998872 -0.000799244 -1.14863 0.042004 0.00279633 0.999114 79.7409 
0.998327 0.0526215 -0.023977 -5.96182 -0.0526344 0.998614 9.27529e-05 -1.15778 0.0239487 0.00116942 0.999713 80.2213 
0.998718 0.0505753 -0.0019238 -5.96239 -0.0505732 0.99872 0.00113072 -1.17137 0.00197852 -0.00103198 0.999998 80.6956 
0.998606 0.0474707 0.0230708 -5.91066 -0.0475427 0.998866 0.00258305 -1.18498 -0.022922 -0.00367629 0.99973 81.1859 
0.997503 0.046864 0.0528389 -5.89202 -0.0471375 0.998881 0.00393937 -1.17557 -0.0525951 -0.00642022 0.998595 81.6673 
0.995185 0.0477467 0.0855964 -5.83369 -0.048338 0.998819 0.00484714 -1.16984 -0.0852639 -0.00896136 0.996318 82.1167 
0.991176 0.0489975 0.123161 -5.7765 -0.0500152 0.998735 0.00518286 -1.16729 -0.122751 -0.0112971 0.992373 82.5532 
0.985211 0.0484884 0.16434 -5.68103 -0.0500858 0.998729 0.00558767 -1.1746 -0.16386 -0.0137361 0.986388 83.0088 
0.976658 0.0480035 0.209366 -5.56894 -0.0503738 0.998712 0.00600066 -1.1882 -0.208808 -0.0164072 0.977819 83.4498 
0.964499 0.0496681 0.259373 -5.46846 -0.0523864 0.99862 0.00357426 -1.19043 -0.258838 -0.017035 0.965771 83.847 
0.948681 0.0490025 0.312415 -5.32908 -0.0521702 0.998637 0.00178343 -1.20966 -0.311902 -0.0179907 0.949944 84.2436 
0.928538 0.0465593 0.368306 -5.16914 -0.0507012 0.998713 0.00157123 -1.22457 -0.367759 -0.0201325 0.929703 84.6266 
0.90377 0.0447553 0.425671 -4.99661 -0.0500507 0.998746 0.00125725 -1.23714 -0.425081 -0.0224414 0.904877 84.9869 
0.873865 0.0432282 0.484243 -4.80408 -0.0493396 0.998782 -0.000122634 -1.23538 -0.483658 -0.0237852 0.874934 85.336 
0.839703 0.0390798 0.541638 -4.58496 -0.0460623 0.998938 -0.000664011 -1.23437 -0.541089 -0.0243915 0.840612 85.6622 
0.803593 0.0363013 0.594072 -4.33042 -0.0447467 0.998998 -0.000516573 -1.24424 -0.593495 -0.0261676 0.804412 85.9384 
0.763662 0.0330649 0.644769 -4.06121 -0.0424777 0.999097 -0.000925076 -1.21914 -0.644217 -0.0266818 0.764377 86.2209 
0.721149 0.0341483 0.691938 -3.78931 -0.0469705 0.998896 -0.000343785 -1.23523 -0.691186 -0.0322528 0.721957 86.4651 
0.675646 0.0313555 0.736559 -3.51201 -0.0459767 0.998942 -0.000350819 -1.22467 -0.735791 -0.0336275 0.676373 86.6905 
0.628635 0.0261762 0.77726 -3.21144 -0.0427517 0.999085 0.000930119 -1.22519 -0.776525 -0.0338139 0.629179 86.9122 
0.581335 0.0196012 0.813429 -2.88924 -0.0391641 0.999225 0.00391114 -1.22857 -0.812722 -0.0341309 0.581652 87.1205 
0.534307 0.019231 0.845071 -2.56526 -0.0382083 0.999269 0.00141764 -1.22577 -0.844426 -0.0330462 0.534652 87.3068 
0.486665 0.0206293 0.873345 -2.22679 -0.0381153 0.999271 -0.00236432 -1.22201 -0.872757 -0.0321372 0.487097 87.4916 
0.439798 0.0214394 0.897841 -1.89757 -0.0378135 0.999271 -0.00533882 -1.22855 -0.897301 -0.0316026 0.440287 87.6539 
0.397908 0.0124132 0.917342 -1.55275 -0.0338397 0.999427 0.00115446 -1.22668 -0.916801 -0.0315019 0.3981 87.7691 
0.358565 -0.00260136 0.933501 -1.20867 -0.0308109 0.999418 0.0146197 -1.23339 -0.932996 -0.0340041 0.358276 87.8646 
0.323064 -0.0053605 0.946362 -0.854514 -0.0327614 0.999321 0.0168444 -1.23017 -0.94581 -0.0364459 0.322669 87.963 
0.289704 -0.00278275 0.957112 -0.507635 -0.0310316 0.999443 0.0122986 -1.2326 -0.956613 -0.0332637 0.289456 88.0634 
0.25808 0.00846607 0.966086 -0.153124 -0.0295455 0.999563 -0.000866665 -1.23181 -0.965672 -0.0283198 0.258217 88.1718 
0.229541 0.0131457 0.97321 0.229996 -0.0276604 0.999593 -0.00697809 -1.24118 -0.972906 -0.0253176 0.229811 88.2612 
0.203849 0.0125604 0.978922 0.605432 -0.0261091 0.999632 -0.00738922 -1.26286 -0.978654 -0.0240525 0.204102 88.3319 
0.180363 0.00538173 0.983585 1.00754 -0.0221144 0.999754 -0.00141502 -1.27043 -0.983352 -0.0214962 0.180438 88.3917 
0.160197 -0.00139633 0.987084 1.41308 -0.0136089 0.999901 0.0036231 -1.26251 -0.986991 -0.0140135 0.160163 88.4404 
0.140153 -0.00192896 0.990128 1.82442 -0.0065689 0.999974 0.00287797 -1.24662 -0.990108 -0.00690741 0.140137 88.4967 
0.122818 -0.000302168 0.992429 2.24947 -0.00595665 0.999982 0.00104163 -1.23199 -0.992411 -0.00603949 0.122814 88.5464 
0.107285 0.00192735 0.994226 2.70169 -0.0109337 0.99994 -0.000758602 -1.24172 -0.994168 -0.0107892 0.107299 88.5982 
0.0926516 0.000776397 0.995698 3.18671 -0.0140563 0.999901 0.000528288 -1.24711 -0.995599 -0.0140448 0.0926533 88.6526 
0.0792333 -0.000511201 0.996856 3.68315 -0.0163347 0.999865 0.00181108 -1.262 -0.996722 -0.0164268 0.0792142 88.6918 
0.0674987 -0.00404371 0.997711 4.19485 -0.0166337 0.999848 0.00517771 -1.26634 -0.997581 -0.0169451 0.0674212 88.7298 
0.0573078 -0.00718723 0.998331 4.69913 -0.0149069 0.999856 0.00805392 -1.26069 -0.998245 -0.0153435 0.0571925 88.7552 
0.0493952 -0.00945998 0.998735 5.22551 -0.0140469 0.99985 0.0101653 -1.25414 -0.998681 -0.0145312 0.0492549 88.785 
0.0436217 -0.0108499 0.998989 5.78064 -0.0134526 0.999844 0.0114466 -1.24775 -0.998958 -0.0139384 0.043469 88.8171 
0.0382212 -0.0123758 0.999193 6.34183 -0.0115751 0.999851 0.0128268 -1.23662 -0.999202 -0.012056 0.0380723 88.8323 
0.0321531 -0.0124078 0.999406 6.93183 -0.0106247 0.999862 0.0127552 -1.22771 -0.999426 -0.0110285 0.0320169 88.8551 
0.0278062 -0.0145966 0.999507 7.53438 -0.0102428 0.999837 0.0148864 -1.22071 -0.999561 -0.0106517 0.0276522 88.8717 
0.0251946 -0.0169925 0.999538 8.10148 -0.0104335 0.999797 0.0172599 -1.22417 -0.999628 -0.0108635 0.0250122 88.8696 
0.0220658 -0.0176096 0.999601 8.7349 -0.0109296 0.999781 0.017854 -1.22246 -0.999697 -0.0113192 0.0218685 88.8889 
0.018957 -0.0167599 0.99968 9.42718 -0.0110794 0.999795 0.0169719 -1.21869 -0.999759 -0.0113976 0.0187675 88.9202 
0.0186713 -0.0193713 0.999638 10.0589 -0.0119871 0.999736 0.0195971 -1.24476 -0.999754 -0.0123487 0.0184341 88.9018 
0.0199816 -0.0212448 0.999575 10.6911 -0.012535 0.99969 0.0214978 -1.24838 -0.999722 -0.0129592 0.0197091 88.8768 
0.0217731 -0.0194599 0.999574 11.3445 -0.0139334 0.999708 0.019766 -1.31455 -0.999666 -0.0143578 0.0214956 88.8991 
0.0248288 -0.0213973 0.999463 12.0524 -0.0138478 0.999668 0.0217457 -1.31317 -0.999596 -0.0143802 0.0245243 88.9409 
0.0293556 -0.0212339 0.999343 12.7449 -0.0139551 0.999668 0.0216507 -1.29046 -0.999472 -0.0145815 0.0290495 88.944 
0.0334853 -0.0233318 0.999167 13.4565 -0.0151485 0.999601 0.0238496 -1.26354 -0.999324 -0.0159345 0.0331185 88.9611 
0.0376588 -0.0235685 0.999013 14.199 -0.0166736 0.999568 0.0242102 -1.25506 -0.999152 -0.0175689 0.0372495 88.9808 
0.0412243 -0.0199486 0.998951 14.9587 -0.0192458 0.999599 0.0207557 -1.25189 -0.998965 -0.0200813 0.0408239 89.0289 
0.0454025 -0.0196433 0.998776 15.7561 -0.0203338 0.999581 0.0205834 -1.24327 -0.998762 -0.0212435 0.0449841 89.0632 
0.0495489 -0.0171223 0.998625 16.5325 -0.0198394 0.999639 0.018124 -1.24184 -0.998575 -0.0207101 0.0491913 89.1038 
0.052325 -0.0136523 0.998537 17.3341 -0.0169267 0.999751 0.0145558 -1.277 -0.998487 -0.0176635 0.0520809 89.1703 
0.0539562 -0.00703367 0.998519 18.076 -0.0119617 0.999899 0.00768976 -1.25812 -0.998472 -0.0123589 0.0538666 89.2039 
0.0535665 -0.00419185 0.998555 18.9475 -0.00800854 0.999957 0.00462735 -1.22893 -0.998532 -0.00824484 0.0535306 89.2719 
0.0536964 -0.00179712 0.998556 19.7351 -0.00744195 0.99997 0.00219985 -1.2059 -0.99853 -0.00754932 0.0536814 89.3192 
0.0540803 0.000870692 0.998536 20.5574 -0.00834391 0.999965 -0.000420035 -1.17559 -0.998502 -0.00830898 0.0540857 89.3569 
0.0541687 -0.000880115 0.998531 21.3745 -0.00902192 0.999958 0.0013708 -1.17681 -0.998491 -0.00908293 0.0541585 89.4001 
0.0546668 0.00139234 0.998504 22.1815 -0.00942361 0.999955 -0.00087843 -1.17635 -0.99846 -0.00936149 0.0546775 89.4462 
0.0545722 0.00360859 0.998503 22.9924 -0.00951341 0.99995 -0.00309388 -1.19678 -0.998465 -0.00933033 0.0546038 89.5016 
0.0549685 0.00659323 0.998466 23.7925 -0.00924593 0.999939 -0.00609394 -1.20873 -0.998445 -0.00889677 0.0550261 89.5497 
0.053663 0.00983901 0.998511 24.5942 -0.00755964 0.999927 -0.00944669 -1.21174 -0.99853 -0.00704144 0.0537335 89.6036 
0.051141 0.0118652 0.998621 25.4186 -0.00789666 0.999903 -0.011476 -1.21893 -0.99866 -0.00729888 0.0512298 89.6548 
0.0468779 0.0149559 0.998789 26.257 -0.00965595 0.999848 -0.0145186 -1.24665 -0.998854 -0.00896365 0.0470152 89.7223 
0.0417676 0.0188085 0.99895 27.055 -0.0122667 0.999757 -0.0183108 -1.27656 -0.999052 -0.011489 0.0419882 89.7615 
0.0348896 0.0231071 0.999124 27.8876 -0.0157563 0.999621 -0.0225683 -1.3376 -0.999267 -0.0149551 0.0352405 89.8158 
0.0271458 0.0247424 0.999325 28.7092 -0.0155393 0.999583 -0.0243267 -1.37067 -0.999511 -0.0148684 0.027519 89.8556 
0.0187624 0.023854 0.999539 29.4963 -0.0135689 0.999629 -0.0236015 -1.38075 -0.999732 -0.0131198 0.0190792 89.8734 
0.00869605 0.0243463 0.999666 30.2995 -0.0131765 0.99962 -0.0242306 -1.41169 -0.999875 -0.0129614 0.00901354 89.8962 
-0.00145472 0.0229466 0.999736 31.1091 -0.0138593 0.99964 -0.0229646 -1.43737 -0.999903 -0.0138891 -0.00113617 89.9026 
-0.0126519 0.025269 0.999601 31.9179 -0.014589 0.99957 -0.0254529 -1.46906 -0.999814 -0.0149052 -0.0122778 89.9171 
-0.0233361 0.0232557 0.999457 32.7089 -0.0150474 0.999608 -0.0236105 -1.49505 -0.999614 -0.0155902 -0.022977 89.8973 
-0.0345916 0.0239109 0.999115 33.5021 -0.0148101 0.999592 -0.0244351 -1.52743 -0.999292 -0.0156423 -0.0342234 89.8876 
-0.0459219 0.0255895 0.998617 34.2983 -0.0139318 0.999558 -0.0262543 -1.56513 -0.998848 -0.0151182 -0.0455451 89.875 
-0.0567489 0.0267821 0.998029 35.0806 -0.0132622 0.999532 -0.0275766 -1.61351 -0.9983 -0.0148011 -0.0563671 89.8475 
-0.0669073 0.0271558 0.99739 35.8583 -0.0125775 0.999527 -0.0280577 -1.65202 -0.99768 -0.0144219 -0.0665341 89.7904 
-0.0762261 0.0271106 0.996722 36.6066 -0.0119571 0.999534 -0.0281016 -1.68652 -0.997019 -0.01406 -0.0758663 89.7318 
-0.0857243 0.0276405 0.995935 37.3491 -0.0117051 0.999518 -0.0287475 -1.73125 -0.99625 -0.0141219 -0.0853594 89.66 
-0.0945354 0.0258055 0.995187 38.1095 -0.0116635 0.999567 -0.027027 -1.78323 -0.995453 -0.0141624 -0.0941934 89.5779 
-0.102828 0.0252278 0.994379 38.8569 -0.0123258 0.999569 -0.0266341 -1.81847 -0.994623 -0.0149952 -0.102473 89.4975 
-0.1103 0.023731 0.993615 39.5852 -0.0133547 0.999589 -0.0253562 -1.84701 -0.993809 -0.0160662 -0.109938 89.4218 
-0.115342 0.0200795 0.993123 40.2973 -0.01571 0.999634 -0.0220357 -1.87769 -0.993202 -0.0181436 -0.114984 89.3303 
-0.119189 0.018319 0.992703 40.9941 -0.0171554 0.999643 -0.0205068 -1.89068 -0.992723 -0.0194744 -0.118832 89.2494 
-0.121737 0.0166716 0.992422 41.7005 -0.0186557 0.999644 -0.0190813 -1.91784 -0.992387 -0.0208372 -0.121383 89.1586 
-0.123705 0.0161686 0.992187 42.3981 -0.0194706 0.999635 -0.0187175 -1.9394 -0.992128 -0.0216339 -0.123345 89.0841 
-0.124391 0.0142189 0.992131 43.0781 -0.0193812 0.999672 -0.0167569 -1.97475 -0.992044 -0.0213131 -0.124075 88.9995 
-0.123499 0.0135333 0.992252 43.6932 -0.0185223 0.999701 -0.0159402 -1.99987 -0.992172 -0.0203474 -0.123212 88.9229 
-0.12197 0.0130955 0.992447 44.308 -0.0173264 0.999732 -0.015321 -2.03057 -0.992383 -0.0190642 -0.12171 88.8795 
-0.116534 0.0123585 0.99311 44.9208 -0.0171581 0.999748 -0.0144545 -2.06986 -0.993038 -0.0187243 -0.116293 88.807 
-0.108895 0.01424 0.993951 45.514 -0.0163096 0.999737 -0.0161098 -2.09762 -0.993919 -0.0179652 -0.108634 88.7438 
-0.0980703 0.0167793 0.995038 46.0695 -0.0161 0.9997 -0.0184447 -2.12192 -0.995049 -0.017829 -0.0977707 88.6979 
-0.0841989 0.0184936 0.996277 46.6205 -0.0153364 0.999685 -0.019853 -2.1459 -0.996331 -0.0169509 -0.0838887 88.6465 
-0.0668473 0.0191979 0.997579 47.1465 -0.0129325 0.999714 -0.0201056 -2.14841 -0.997679 -0.0142452 -0.0665799 88.6119 
-0.0457632 0.0214125 0.998723 47.6783 -0.0106487 0.999703 -0.0219215 -2.17237 -0.998896 -0.0116383 -0.0455216 88.5893 
-0.0213309 0.024093 0.999482 48.1805 -0.00695133 0.999682 -0.0242462 -2.18135 -0.999748 -0.00746492 -0.0211566 88.5854 
0.00779565 0.0254161 0.999647 48.674 -0.00474638 0.999667 -0.0253796 -2.19155 -0.999958 -0.00454685 0.00791368 88.5811 
0.0411168 0.0260882 0.998814 49.1891 -0.00392627 0.999656 -0.0259486 -2.18241 -0.999147 -0.00285469 0.041205 88.607 
0.0792603 0.0263266 0.996506 49.7014 -0.00536832 0.999648 -0.0259826 -2.18557 -0.996839 -0.00329018 0.0793738 88.6467 
0.122005 0.02572 0.992196 50.222 -0.00734168 0.99966 -0.0250107 -2.18017 -0.992502 -0.00423294 0.122153 88.7017 
0.167203 0.027867 0.985529 50.7172 -0.0119319 0.999584 -0.0262401 -2.20773 -0.98585 -0.00737177 0.167466 88.7976 
0.216206 0.0312271 0.975848 51.2067 -0.0160253 0.999467 -0.0284324 -2.23539 -0.976216 -0.00949101 0.216591 88.9069 
0.268555 0.0348453 0.962634 51.6845 -0.0181612 0.999351 -0.0311078 -2.24566 -0.963093 -0.00912848 0.269013 89.0359 
0.324238 0.0359967 0.94529 52.1577 -0.0184176 0.999327 -0.0317371 -2.26317 -0.945796 -0.00711957 0.324682 89.1874 
0.382427 0.0326321 0.923409 52.5987 -0.0150923 0.999463 -0.0290693 -2.28689 -0.923862 -0.00281949 0.382714 89.3774 
0.442196 0.0310053 0.896383 53.0317 -0.00944241 0.999508 -0.0299143 -2.29697 -0.896869 0.00476394 0.442271 89.597 
0.502236 0.0280847 0.864274 53.4706 -0.0025581 0.999516 -0.0309929 -2.29114 -0.864727 0.0133549 0.502065 89.8398 
0.561356 0.0282016 0.827094 53.8687 -0.000226932 0.999424 -0.0339236 -2.30738 -0.827574 0.0188556 0.56104 90.106 
0.617983 0.0270862 0.785725 54.2425 0.00154479 0.999363 -0.0356659 -2.32549 -0.78619 0.0232547 0.617547 90.3994 
0.671452 0.0231842 0.740685 54.5872 0.00411515 0.999378 -0.0350121 -2.34486 -0.741037 0.026557 0.670939 90.7077 
0.720978 0.0186079 0.692708 54.9025 0.00516448 0.999467 -0.0322234 -2.36857 -0.692939 0.0268098 0.720498 91.035 
0.767096 0.0157455 0.641339 55.2092 0.00233103 0.999624 -0.0273298 -2.39753 -0.641528 0.0224596 0.766771 91.397 
0.80869 0.0134607 0.588082 55.4733 -0.000849961 0.999764 -0.021715 -2.41354 -0.588235 0.0170608 0.80851 91.7694 
0.845173 0.012596 0.534344 55.6773 -0.00448247 0.999854 -0.0164795 -2.44211 -0.534474 0.0115328 0.845106 92.1316 
0.87692 0.0137352 0.480441 55.9139 -0.00905087 0.999886 -0.0120655 -2.45035 -0.480552 0.0062321 0.876944 92.5602 
0.902627 0.0195794 0.429979 56.0963 -0.0160571 0.999801 -0.0118192 -2.45228 -0.430125 0.00376415 0.902762 92.9786 
0.922961 0.0233195 0.384186 56.252 -0.0205752 0.999725 -0.0112525 -2.46294 -0.384343 0.0024809 0.923187 93.4068 
0.938317 0.0306383 0.344416 56.3985 -0.0281545 0.999529 -0.0122121 -2.47375 -0.344628 0.00176195 0.938738 93.856 
0.950116 0.0357796 0.309838 56.5137 -0.0323845 0.999346 -0.016096 -2.47934 -0.310211 0.00525913 0.950653 94.2971 
0.959539 0.0370953 0.27912 56.6391 -0.0336863 0.999288 -0.0170016 -2.49148 -0.279552 0.00691119 0.960106 94.7635 
0.965702 0.0317122 0.25771 56.7627 -0.0285487 0.999464 -0.0160087 -2.50185 -0.25808 0.00810228 0.96609 95.2478 
0.969725 0.0291658 0.24245 56.864 -0.026283 0.99954 -0.0151172 -2.51605 -0.242779 0.00828727 0.970046 95.7019 
0.972712 0.0327991 0.229687 56.9686 -0.0298067 0.99942 -0.0164863 -2.53036 -0.230094 0.00919018 0.973125 96.1897 
0.974712 0.038685 0.220091 57.0753 -0.0356143 0.999205 -0.0179046 -2.5361 -0.220608 0.00961345 0.975315 96.7197 
0.975907 0.0440423 0.213697 57.1765 -0.0405065 0.998961 -0.0208989 -2.53186 -0.214395 0.0117393 0.976676 97.2368 
0.976331 0.0486224 0.210746 57.2816 -0.0442261 0.998695 -0.0255269 -2.54449 -0.211712 0.0156023 0.977208 97.7603 
0.97648 0.0490919 0.209946 57.3942 -0.0441447 0.998627 -0.0281884 -2.55729 -0.211042 0.0182574 0.977307 98.2546 
0.976 0.047559 0.212515 57.5069 -0.0419141 0.99864 -0.0309915 -2.5821 -0.2137 0.0213404 0.976666 98.7971 
0.975216 0.0454037 0.216547 57.6322 -0.0382118 0.998574 -0.0372858 -2.58118 -0.217931 0.0280871 0.97556 99.3263 
0.974297 0.0445675 0.220817 57.7577 -0.0362583 0.998479 -0.0415429 -2.60328 -0.222332 0.0324687 0.97443 99.9016 
0.973061 0.0509851 0.224838 57.8849 -0.042506 0.998196 -0.0423957 -2.63248 -0.226594 0.0316966 0.973473 100.453 
0.971611 0.0556562 0.229946 58.0159 -0.0478117 0.998073 -0.0395511 -2.66241 -0.231704 0.0274342 0.972399 101.029 
0.970506 0.0544419 0.234849 58.1455 -0.0476633 0.998269 -0.0344485 -2.69573 -0.236318 0.0222388 0.971421 101.61 
0.969802 0.0520772 0.23827 58.3158 -0.0466193 0.998506 -0.0284885 -2.72704 -0.239398 0.0165202 0.970781 102.255 
0.96866 0.052821 0.242711 58.4571 -0.0483646 0.998534 -0.0242871 -2.75044 -0.243638 0.0117873 0.969795 102.891 
0.968153 0.0487088 0.245576 58.6167 -0.0447128 0.998761 -0.0218247 -2.79301 -0.246334 0.0101492 0.969132 103.488 
0.968314 0.0432979 0.245954 58.7841 -0.0386543 0.998972 -0.023679 -2.80856 -0.246726 0.0134216 0.968992 104.122 
0.968607 0.0410008 0.245193 58.9635 -0.0346692 0.998946 -0.0300855 -2.82287 -0.246168 0.0206404 0.969007 104.762 
0.968746 0.0412516 0.244603 59.1178 -0.0332669 0.998773 -0.0366874 -2.8379 -0.245816 0.0274036 0.968929 105.421 
0.969139 0.0448904 0.242394 59.27 -0.03603 0.998515 -0.040866 -2.8805 -0.243869 0.0308713 0.969317 106.1 
0.9698 0.0434562 0.239998 59.4277 -0.035759 0.9987 -0.0363361 -2.9179 -0.241265 0.0266567 0.970093 106.779 
0.970269 0.0409628 0.238536 59.5999 -0.0351796 0.998976 -0.0284537 -2.95482 -0.239457 0.0192161 0.970717 107.484 
0.970687 0.044051 0.236276 59.7582 -0.0395883 0.998937 -0.023601 -2.99546 -0.237065 0.0135554 0.971399 108.224 
0.970936 0.0478341 0.234512 59.9264 -0.0431293 0.998753 -0.0251531 -3.02574 -0.235423 0.0143077 0.971788 108.964 
0.971136 0.0526219 0.23265 60.0807 -0.0467223 0.998433 -0.0308007 -3.05383 -0.233907 0.0190417 0.972073 109.694 
0.972077 0.0523493 0.228749 60.2545 -0.045296 0.998325 -0.0359802 -3.08259 -0.230249 0.0246141 0.97282 110.418 
0.972898 0.0515031 0.225427 60.4201 -0.043767 0.998273 -0.0391847 -3.10649 -0.227056 0.0282565 0.973472 111.174 
0.973933 0.0491545 0.221445 60.6044 -0.041855 0.998418 -0.0375384 -3.13656 -0.22294 0.0272913 0.97445 111.958 
0.974849 0.0455301 0.218166 60.779 -0.0388359 0.998637 -0.0348766 -3.17687 -0.219457 0.0255267 0.975288 112.733 
0.975243 0.0464057 0.216212 60.9586 -0.0403069 0.998658 -0.0325346 -3.21478 -0.217432 0.0230143 0.975804 113.524 
0.975645 0.0433061 0.215036 61.1257 -0.0377676 0.998842 -0.0298007 -3.24555 -0.216078 0.0209535 0.976151 114.292 
0.975827 0.0382601 0.215171 61.2912 -0.0331564 0.999078 -0.0272805 -3.28462 -0.216017 0.0194868 0.976195 115.087 
0.976007 0.039983 0.214035 61.4731 -0.0352136 0.99904 -0.0260512 -3.3214 -0.214871 0.0178892 0.976479 115.853 
0.975573 0.0467475 0.214642 61.6277 -0.0415448 0.998725 -0.0286894 -3.37493 -0.215709 0.0190713 0.976271 116.671 
0.975244 0.0513119 0.215096 61.7905 -0.0452781 0.998433 -0.032889 -3.4027 -0.216447 0.0223356 0.976039 117.49 
0.974642 0.0602298 0.21551 61.9559 -0.0536142 0.997897 -0.0364181 -3.42688 -0.21725 0.0239403 0.975822 118.32 
0.973721 0.0665127 0.217813 62.1294 -0.0598047 0.997515 -0.0372536 -3.45757 -0.21975 0.0232484 0.975279 119.126 
0.972902 0.0690858 0.220654 62.2998 -0.0627303 0.997392 -0.0356904 -3.50232 -0.222544 0.0208816 0.974699 119.99 
0.97211 0.069449 0.224009 62.4668 -0.0627979 0.997352 -0.0366891 -3.54175 -0.225963 0.0215986 0.973896 120.872 
0.971696 0.0687573 0.226009 62.6558 -0.0615195 0.997347 -0.0389216 -3.59011 -0.228086 0.023916 0.973347 121.71 
0.971705 0.0623334 0.227823 62.8472 -0.0552918 0.997778 -0.0371675 -3.61453 -0.229633 0.0235191 0.972993 122.58 
0.971931 0.0556307 0.228595 63.035 -0.0485602 0.998155 -0.036444 -3.6782 -0.230201 0.0243204 0.972839 123.399 
0.971568 0.0559673 0.23005 63.2201 -0.0487749 0.99813 -0.0368379 -3.71387 -0.231682 0.0245698 0.972481 124.228 
0.970993 0.0588773 0.231745 63.4044 -0.0522404 0.998032 -0.0346776 -3.7573 -0.233331 0.0215652 0.972158 125.115 
0.970513 0.0626684 0.23276 63.5955 -0.0572809 0.997912 -0.0298406 -3.80027 -0.234144 0.0156281 0.972076 125.958 
0.970072 0.0664009 0.233564 63.7807 -0.06187 0.997728 -0.0266808 -3.84351 -0.234805 0.0114317 0.971975 126.807 
0.969846 0.0642808 0.235089 63.967 -0.0582773 0.997774 -0.0324035 -3.87802 -0.236649 0.0177261 0.971434 127.63 
0.97014 0.0567137 0.235821 64.1639 -0.0475243 0.997879 -0.0444753 -3.9147 -0.237843 0.0319401 0.970778 128.424 
0.970291 0.0526122 0.236153 64.3547 -0.0411273 0.997731 -0.053302 -3.93741 -0.238421 0.0420061 0.970253 129.234 
0.970392 0.0523227 0.2358 64.5406 -0.0430264 0.998087 -0.0444023 -3.98722 -0.237672 0.032942 0.970787 130.059 
0.970952 0.0499088 0.234013 64.753 -0.0456181 0.998677 -0.0237157 -4.04011 -0.234887 0.0123516 0.971944 130.882 
0.971196 0.0505057 0.232866 64.9529 -0.0497218 0.99872 -0.00923902 -4.09586 -0.233035 -0.00260562 0.972465 131.712 
0.971156 0.053594 0.232342 65.1392 -0.0514157 0.998558 -0.015426 -4.12104 -0.232834 0.00303502 0.972512 132.543 
0.971281 0.05813 0.230724 65.3168 -0.0521303 0.998127 -0.0320209 -4.13393 -0.232153 0.0190736 0.972492 133.292 
0.971397 0.0578583 0.230307 65.4911 -0.0499485 0.997949 -0.040033 -4.15284 -0.23215 0.0273844 0.972294 134.088 
0.972008 0.0544612 0.22855 65.6801 -0.0465508 0.99812 -0.0398648 -4.20593 -0.230292 0.0281097 0.972716 134.889 
0.972583 0.0550717 0.225941 65.8618 -0.0475701 0.998125 -0.0385171 -4.256 -0.227638 0.0267131 0.973379 135.706 
0.973473 0.0547827 0.222145 66.0391 -0.0470395 0.998092 -0.0400027 -4.29746 -0.223913 0.0284919 0.974193 136.508 
0.974517 0.0558925 0.217238 66.2151 -0.0478156 0.997962 -0.0422646 -4.33787 -0.219157 0.0308002 0.975203 137.312 
0.974923 0.0619727 0.21374 66.3845 -0.0538847 0.997601 -0.0434672 -4.39148 -0.215921 0.0308598 0.975923 138.101 
0.975022 0.0683498 0.211332 66.5454 -0.0601192 0.99717 -0.0451369 -4.43441 -0.213819 0.0313044 0.976372 138.896 
0.975357 0.0707168 0.20899 66.7174 -0.0628306 0.997047 -0.0441444 -4.47851 -0.211495 0.0299256 0.976921 139.697 
0.975665 0.0707296 0.207546 66.8883 -0.0639216 0.997179 -0.0393365 -4.53529 -0.209743 0.0251125 0.977434 140.506 
0.976021 0.0690671 0.206428 67.0418 -0.0623999 0.997303 -0.0386443 -4.58769 -0.20854 0.0248366 0.977698 141.294 
0.976614 0.0677679 0.204041 67.2034 -0.0605554 0.997306 -0.0413939 -4.6336 -0.206297 0.02807 0.978087 142.085 
0.97795 0.062619 0.199228 67.3713 -0.0548301 0.997509 -0.0443807 -4.67161 -0.201511 0.0324785 0.978948 142.867 
0.979279 0.0593813 0.193613 67.4979 -0.0516983 0.997671 -0.0445008 -4.73131 -0.195804 0.0335693 0.980068 143.645 
0.980469 0.0591423 0.187571 67.6354 -0.0526848 0.99784 -0.0392321 -4.78639 -0.189486 0.0285837 0.981467 144.44 
0.981722 0.0573116 0.181484 67.77 -0.0525594 0.99814 -0.0308913 -4.83729 -0.182917 0.020788 0.982909 145.224 
0.982471 0.0566506 0.177596 67.9133 -0.0536818 0.998327 -0.0214812 -4.88499 -0.178516 0.011571 0.983869 146.034 
0.982698 0.0644566 0.173635 68.0267 -0.0618113 0.997875 -0.0206049 -4.92324 -0.174594 0.00951576 0.984594 146.819 
0.983317 0.0670021 0.169109 68.1502 -0.0634881 0.997641 -0.0261081 -4.9458 -0.170459 0.0149362 0.985252 147.612 
0.984516 0.0671296 0.161932 68.2792 -0.0619833 0.997405 -0.0366319 -4.97183 -0.163971 0.0260276 0.986122 148.392 
0.985671 0.0640022 0.156067 68.4015 -0.0581241 0.997428 -0.0419461 -5.00171 -0.15835 0.0322738 0.986855 149.192 
0.986636 0.0635856 0.150019 68.5145 -0.057904 0.997441 -0.0419457 -5.027 -0.152303 0.0326984 0.987793 149.996 
0.987353 0.0712583 0.14162 68.628 -0.0662615 0.997012 -0.0396972 -5.07752 -0.144026 0.0298112 0.989125 150.781 
0.988123 0.0758297 0.133652 68.7203 -0.0708395 0.996615 -0.041712 -5.12797 -0.136362 0.0317487 0.99015 151.582 
0.989314 0.0774994 0.123496 68.8215 -0.0720386 0.996242 -0.0480932 -5.16665 -0.126759 0.0386828 0.991179 152.356 
0.990466 0.0754836 0.115235 68.9127 -0.0700751 0.996273 -0.0502904 -5.21705 -0.118601 0.0417359 0.992064 153.148 
0.991382 0.0754124 0.10712 68.9999 -0.0706203 0.996355 -0.0478516 -5.26803 -0.110338 0.0398744 0.993094 153.967 
0.991979 0.0785666 0.0990156 69.0696 -0.0748356 0.996359 -0.040853 -5.33098 -0.101865 0.0331155 0.994247 154.78 
0.992594 0.0816175 0.0899736 69.1528 -0.0786691 0.996256 -0.0358486 -5.37599 -0.0925626 0.028505 0.995299 155.619 
0.993462 0.079102 0.0823131 69.2212 -0.0766147 0.996516 -0.0329541 -5.41707 -0.084633 0.0264323 0.996062 156.443 
0.99384 0.0804157 0.0762618 69.277 -0.0782172 0.996442 -0.0313937 -5.45516 -0.078515 0.0252354 0.996593 157.262 
0.994108 0.0794918 0.0736949 69.2843 -0.0772514 0.996473 -0.0327735 -5.51095 -0.0760402 0.0268874 0.996742 158.122 
0.994129 0.0834107 0.0689168 69.3384 -0.0808678 0.995965 -0.0389038 -5.54088 -0.0718837 0.0331022 0.996864 158.949 
0.993795 0.0899922 0.0653698 69.3788 -0.0869992 0.995086 -0.0472791 -5.56355 -0.0693033 0.0412986 0.99674 159.771 
0.993874 0.09115 0.0625033 69.417 -0.0881009 0.99486 -0.0499222 -5.60521 -0.0667324 0.0441097 0.996795 160.59 
0.993779 0.0944029 0.0590956 69.4678 -0.0918566 0.994781 -0.0444207 -5.65343 -0.0629806 0.038716 0.997264 161.394 
0.99359 0.0978389 0.0566239 69.4989 -0.0960426 0.994809 -0.0336252 -5.7159 -0.0596198 0.0279714 0.997829 162.211 
0.993645 0.0993872 0.0528292 69.5353 -0.0980821 0.994819 -0.026754 -5.75789 -0.0552145 0.0214024 0.998245 163.051 
0.994207 0.0961201 0.0480894 69.5697 -0.0947492 0.995048 -0.0300238 -5.79639 -0.0507371 0.0252935 0.998392 163.888 
0.995574 0.0834813 0.0431647 69.6087 -0.0817853 0.99586 -0.0396726 -5.82841 -0.0462979 0.0359668 0.99828 164.732 
0.996033 0.0812686 0.0362501 69.6553 -0.0796317 0.99583 -0.0445218 -5.86504 -0.0397172 0.0414585 0.998351 165.517 
0.995861 0.0859999 0.0294257 69.6641 -0.0846715 0.995448 -0.0437518 -5.90906 -0.0330544 0.0410791 0.998609 166.351 
0.996262 0.0836136 0.0216827 69.6769 -0.0827567 0.995853 -0.0377933 -5.95909 -0.0247528 0.0358576 0.99905 167.224 
0.996752 0.0792495 0.0143228 69.6951 -0.0787166 0.996298 -0.0345681 -6.00422 -0.0170093 0.0333284 0.9993 168.039 
0.997396 0.0715779 0.00887642 69.7056 -0.0712751 0.996984 -0.0307063 -6.0518 -0.0110475 0.0299936 0.999489 168.878 
0.997714 0.0675248 0.00275634 69.7083 -0.0674081 0.997249 -0.0308385 -6.0941 -0.00483112 0.0305822 0.999521 169.719 
0.997846 0.0654901 -0.00374622 69.7168 -0.0655851 0.997129 -0.0378447 -6.13703 0.00125701 0.0380089 0.999277 170.533 
0.998305 0.0571027 -0.0112253 69.7385 -0.0575799 0.997178 -0.0481803 -6.17255 0.00844244 0.048745 0.998776 171.339 
0.998694 0.0481035 -0.0172368 69.7311 -0.0489465 0.997427 -0.0523778 -6.22288 0.0146729 0.053153 0.998479 172.193 
0.998341 0.0523785 -0.023911 69.6996 -0.0534133 0.997562 -0.044913 -6.27867 0.0215002 0.0461157 0.998705 173.051 
0.997525 0.0638942 -0.029339 69.6675 -0.064813 0.9974 -0.0315106 -6.33744 0.0272493 0.0333342 0.999073 173.867 
0.997017 0.0692495 -0.0340831 69.6188 -0.0700769 0.99726 -0.0237112 -6.38753 0.0323477 0.0260289 0.999138 174.711 
0.996861 0.0696677 -0.0376184 69.5896 -0.0706985 0.997138 -0.0268001 -6.42563 0.0356436 0.0293756 0.998933 175.524 
0.996631 0.0717825 -0.0396842 69.5528 -0.0732715 0.996609 -0.0374326 -6.45353 0.0368626 0.0402142 0.998511 176.348 
0.995647 0.0827466 -0.0428844 69.4999 -0.0847084 0.995337 -0.0461448 -6.48497 0.0388661 0.0495767 0.998014 177.178 
0.995741 0.0805159 -0.0449197 69.4528 -0.0827376 0.995316 -0.050009 -6.52 0.0406827 0.0535125 0.997738 178.037 
0.996076 0.0748742 -0.0471813 69.4192 -0.0770263 0.995987 -0.0455746 -6.56985 0.0435796 0.04903 0.997846 178.896 
0.996092 0.0745334 -0.0473904 69.3959 -0.0763065 0.996406 -0.0367726 -6.61754 0.0444792 0.0402451 0.998199 179.709 
0.995977 0.0762045 -0.0471517 69.3337 -0.0777167 0.99649 -0.0311125 -6.66621 0.0446153 0.0346518 0.998403 180.568 
0.995983 0.0746702 -0.0494204 69.3153 -0.076287 0.996583 -0.0316783 -6.70512 0.0468861 0.0353212 0.998276 181.376 
0.996071 0.0721352 -0.0513636 69.2747 -0.0742639 0.996403 -0.0408163 -6.73955 0.0482346 0.0444704 0.997846 182.216 
0.996711 0.0613096 -0.0530016 69.2382 -0.0641119 0.99654 -0.0528955 -6.78094 0.0495752 0.0561195 0.997193 183.062 
0.997273 0.0497703 -0.0545 69.2089 -0.0528998 0.996939 -0.0575685 -6.83069 0.051468 0.0602946 0.996853 183.889 
0.996923 0.0557355 -0.0551183 69.1405 -0.0586611 0.996872 -0.0529671 -6.89915 0.0519938 0.0560374 0.997074 184.755 
0.996505 0.0617119 -0.0563007 69.0768 -0.0640998 0.997074 -0.0416416 -6.9692 0.0535662 0.0451049 0.997545 185.608 
0.996396 0.0620189 -0.0578645 69.02 -0.0642796 0.997206 -0.0380593 -7.02374 0.0553424 0.0416416 0.997599 186.46 
0.996446 0.0599101 -0.0592207 68.9803 -0.0624343 0.997176 -0.0417325 -7.06839 0.0565533 0.0452816 0.997372 187.28 
0.996498 0.0591441 -0.0591112 68.9313 -0.0620106 0.996926 -0.0478956 -7.10766 0.0560967 0.0513934 0.997102 188.114 
0.996032 0.065841 -0.0598702 68.8678 -0.0687455 0.996487 -0.0478214 -7.15633 0.0565113 0.0517474 0.99706 188.948 
0.995868 0.0678569 -0.0603444 68.8073 -0.0705957 0.996513 -0.0444747 -7.21119 0.0571161 0.048551 0.997186 189.773 
0.995516 0.0719813 -0.0613664 68.7484 -0.0745694 0.996373 -0.0409795 -7.26405 0.0581941 0.0453719 0.997274 190.619 
0.99521 0.0760676 -0.0614023 68.6841 -0.0784944 0.996185 -0.0381257 -7.30741 0.0582679 0.0427628 0.997385 191.446 
0.99489 0.0795256 -0.0621989 68.629 -0.0820035 0.995894 -0.0383524 -7.34924 0.0588935 0.043257 0.997327 192.271 
