1 0 0 0 0 1 0 0 0 0 1 0 
0.99999 -0.0026951 -0.00345261 0.00238776 0.00268799 0.999994 -0.00206261 -0.00858888 0.00345815 0.00205331 0.999992 0.681305 
0.999973 0.000119728 -0.00737379 0.00360712 -0.000144956 0.999994 -0.00342079 -0.0160378 0.00737334 0.00342176 0.999967 1.36995 
0.999945 0.000567863 -0.0105185 -0.0290458 -0.000619254 0.999988 -0.00488316 -0.0239595 0.0105156 0.00488941 0.999933 2.05884 
0.999876 0.0022058 -0.015598 -0.0356972 -0.00228499 0.999985 -0.00506141 -0.0465134 0.0155866 0.00509642 0.999866 2.80148 
0.999801 0.00197813 -0.0198514 -0.0590949 -0.00208848 0.999982 -0.00553971 -0.0540912 0.0198401 0.00558006 0.999788 3.54406 
0.999689 0.00401868 -0.0246297 -0.0775803 -0.00418507 0.999969 -0.00670782 -0.0671629 0.024602 0.00680881 0.999674 4.29547 
0.99953 0.00646521 -0.0299535 -0.0952005 -0.00666815 0.999955 -0.00668024 -0.0899066 0.0299089 0.00687684 0.999529 5.06416 
0.999377 0.00719786 -0.0345436 -0.123462 -0.00738238 0.999959 -0.00521712 -0.0982792 0.0345046 0.00546889 0.99939 5.84382 
0.999227 0.00651701 -0.0387786 -0.158004 -0.00661528 0.999975 -0.00240639 -0.119946 0.0387619 0.00266106 0.999245 6.62644 
0.999074 0.00605196 -0.0426071 -0.191687 -0.00603834 0.999982 0.000448229 -0.143194 0.042609 -0.000190538 0.999092 7.44586 
0.998947 0.00880298 -0.0450239 -0.2327 -0.00881014 0.999961 3.94758e-05 -0.164 0.0450225 0.000357232 0.998986 8.26194 
0.998844 0.00822655 -0.0473616 -0.291025 -0.00823656 0.999966 -1.62359e-05 -0.176789 0.0473599 0.000406314 0.998878 9.12316 
0.998767 0.00611035 -0.0492751 -0.326086 -0.00615468 0.999981 -0.00074793 -0.1856 0.0492696 0.00105028 0.998785 9.97596 
0.998673 0.00650924 -0.051091 -0.395193 -0.00651663 0.999979 2.18406e-05 -0.19633 0.0510901 0.00031113 0.998694 10.8552 
0.998629 0.00231095 -0.0522963 -0.468291 -0.00232797 0.999997 -0.000264507 -0.195636 0.0522956 0.000385889 0.998632 11.7465 
0.998521 0.00481386 -0.0541576 -0.509051 -0.00494302 0.999985 -0.00225124 -0.212529 0.0541459 0.00251562 0.99853 12.5903 
0.998444 0.0079769 -0.0551914 -0.578225 -0.00824708 0.999955 -0.00466931 -0.241692 0.0551516 0.00511721 0.998465 13.4714 
0.998313 0.0127181 -0.056659 -0.667192 -0.0130799 0.999896 -0.00601809 -0.254876 0.0565766 0.00674902 0.998375 14.3878 
0.998212 0.0150036 -0.0578658 -0.69343 -0.0153451 0.999867 -0.00546076 -0.283447 0.0577762 0.00633895 0.998309 15.2367 
0.99813 0.0157517 -0.0590576 -0.73976 -0.0160267 0.999863 -0.00418517 -0.307165 0.0589835 0.00512384 0.998246 16.0938 
0.998014 0.0184216 -0.060234 -0.813123 -0.0186343 0.999822 -0.00297219 -0.327171 0.0601685 0.0040887 0.99818 17.0086 
0.997966 0.0184791 -0.0610194 -0.875587 -0.0186985 0.999821 -0.00302652 -0.339687 0.0609525 0.00416134 0.998132 17.92 
0.997907 0.0175263 -0.0622391 -0.961706 -0.0177721 0.999836 -0.00339785 -0.360008 0.0621694 0.00449685 0.998055 18.8647 
0.997895 0.0165702 -0.0626953 -1.04573 -0.0169234 0.999844 -0.00510711 -0.36014 0.0626008 0.00615738 0.99802 19.8061 
0.997879 0.01437 -0.0634939 -1.09438 -0.0146299 0.999886 -0.00363007 -0.362701 0.0634346 0.00455128 0.997976 20.7131 
0.997892 0.0141565 -0.0633307 -1.16472 -0.0141973 0.999899 -0.000194605 -0.367313 0.0633216 0.00109332 0.997993 21.6223 
0.997941 0.0149136 -0.0623759 -1.23266 -0.0147278 0.999886 0.00343686 -0.379823 0.06242 -0.00251113 0.998047 22.5516 
0.998081 0.0137222 -0.0603829 -1.32627 -0.0133734 0.999892 0.00617548 -0.386212 0.0604611 -0.00535611 0.998156 23.5321 
0.998215 0.0128506 -0.0583193 -1.44177 -0.0124538 0.999897 0.00716105 -0.393994 0.0584053 -0.00642196 0.998272 24.5317 
0.998279 0.0131083 -0.0571652 -1.48966 -0.0128737 0.999907 0.00446944 -0.409249 0.0572185 -0.00372582 0.998355 25.4573 
0.998296 0.0143963 -0.0565517 -1.5298 -0.014438 0.999896 -0.000329581 -0.408762 0.0565411 0.00114551 0.9984 26.3787 
0.998361 0.0144457 -0.0553791 -1.58052 -0.0146189 0.999889 -0.00272324 -0.442942 0.0553336 0.00352835 0.998462 27.3258 
0.99838 0.0115438 -0.0557212 -1.60525 -0.0116924 0.999929 -0.00234139 -0.440006 0.0556902 0.00298912 0.998444 28.2714 
0.998425 0.00858584 -0.0554348 -1.71196 -0.00846669 0.999961 0.00238392 -0.450748 0.0554531 -0.00191082 0.998459 29.3049 
0.998411 0.00522254 -0.0561166 -1.76652 -0.0049138 0.999972 0.00563829 -0.468614 0.0561445 -0.00535358 0.998408 30.2814 
0.998407 -0.00175332 -0.0564022 -1.85726 0.00200462 0.999988 0.00439923 -0.473495 0.0563938 -0.00450528 0.998398 31.3038 
0.998347 -0.00139304 -0.0574653 -1.92736 0.00139373 0.999999 -2.80068e-05 -0.476494 0.0574653 -5.21309e-05 0.998348 32.2697 
0.998278 -0.00057793 -0.0586583 -2.00078 0.000339479 0.999992 -0.00407498 -0.480965 0.0586601 0.00404805 0.99827 33.2554 
0.998136 0.00112952 -0.0610184 -2.05946 -0.00141999 0.999988 -0.00471724 -0.50115 0.0610123 0.00479509 0.998125 34.2466 
0.998083 0.00181819 -0.0618554 -2.12248 -0.00202999 0.999992 -0.00336143 -0.519806 0.0618488 0.00348056 0.998079 35.256 
0.998051 0.00440995 -0.0622442 -2.2329 -0.00444361 0.99999 -0.000402275 -0.540349 0.0622418 0.00067808 0.998061 36.2828 
0.997978 0.00365295 -0.0634501 -2.29836 -0.0036082 0.999993 0.000819814 -0.549419 0.0634527 -0.000589216 0.997985 37.2953 
0.997906 0.00500652 -0.0644854 -2.36587 -0.00479662 0.999983 0.00340939 -0.558493 0.0645014 -0.00309294 0.997913 38.2833 
0.997971 0.00497611 -0.0634701 -2.46041 -0.00454327 0.999965 0.00696207 -0.586047 0.0635026 -0.00665959 0.997959 39.2656 
0.997882 0.0118449 -0.063968 -2.53181 -0.0112907 0.999896 0.00901742 -0.581361 0.0640681 -0.00827607 0.997911 40.2528 
0.997881 0.0121005 -0.063933 -2.61207 -0.0115811 0.999897 0.00848759 -0.593064 0.0640291 -0.00772919 0.997918 41.2523 
0.99785 0.0130908 -0.0642199 -2.62541 -0.0126801 0.999896 0.00679796 -0.598007 0.0643022 -0.00596903 0.997913 42.182 
0.99782 0.0152715 -0.0641982 -2.67805 -0.0149946 0.999876 0.00479229 -0.602142 0.0642634 -0.00381922 0.997926 43.1517 
0.997738 0.0159841 -0.065287 -2.73672 -0.0156962 0.999865 0.0049203 -0.621612 0.0653568 -0.00388442 0.997854 44.1559 
0.997681 0.0136048 -0.0666847 -2.80684 -0.0132695 0.999897 0.00546995 -0.619607 0.0667522 -0.0045724 0.997759 45.161 
0.997633 0.013557 -0.0674127 -2.88401 -0.0131472 0.999892 0.00651952 -0.629366 0.0674938 -0.0056178 0.997704 46.1597 
0.997611 0.0165678 -0.0670611 -2.99336 -0.0164077 0.999861 0.00293764 -0.629179 0.0671004 -0.00183031 0.997745 47.1702 
0.997492 0.0179089 -0.0684784 -3.08908 -0.0180705 0.999835 -0.00174136 -0.629529 0.0684359 0.00297443 0.997651 48.1789 
0.997429 0.018885 -0.0691275 -3.15369 -0.019127 0.999813 -0.00283983 -0.645165 0.0690609 0.00415473 0.997604 49.1102 
0.997398 0.0187339 -0.0696143 -3.19698 -0.0187246 0.999824 0.000787265 -0.672515 0.0696168 0.00051828 0.997574 50.0783 
0.997411 0.016186 -0.0700683 -3.26649 -0.015962 0.999866 0.00375688 -0.687824 0.0701197 -0.00262872 0.997535 51.0564 
0.997433 0.0147655 -0.0700613 -3.34906 -0.0145512 0.999888 0.00356852 -0.684307 0.0701061 -0.00253988 0.997536 52.0283 
0.997481 0.0120289 -0.0699008 -3.42773 -0.0118921 0.999926 0.00237238 -0.69863 0.0699242 -0.00153514 0.997551 53.0039 
0.997476 0.0109878 -0.0701472 -3.50903 -0.0109292 0.99994 0.00121878 -0.730572 0.0701564 -0.000449045 0.997536 53.9848 
0.99742 0.0103687 -0.0710399 -3.58252 -0.0102404 0.999945 0.00217005 -0.748902 0.0710586 -0.00143697 0.997471 54.9355 
0.997384 0.00851484 -0.0717782 -3.67175 -0.00808527 0.999948 0.00627308 -0.780334 0.0718279 -0.00567632 0.997401 55.8965 
0.997331 0.00814887 -0.072562 -3.73149 -0.00737487 0.999913 0.0109282 -0.791194 0.0726447 -0.0103639 0.997304 56.8235 
0.997257 0.0108543 -0.0732207 -3.81291 -0.00985171 0.999853 0.0140407 -0.821333 0.0733623 -0.0132808 0.997217 57.7875 
0.997138 0.0120829 -0.074632 -3.89006 -0.011347 0.999883 0.0102771 -0.822443 0.0747474 -0.00940085 0.997158 58.7417 
0.997016 0.0144062 -0.075845 -3.97421 -0.014247 0.999895 0.00263932 -0.824058 0.0758751 -0.00155087 0.997116 59.6768 
0.996929 0.0178002 -0.0762561 -4.06198 -0.0180008 0.999836 -0.00194393 -0.840689 0.076209 0.00331063 0.997086 60.5848 
0.996701 0.023995 -0.0775382 -4.12857 -0.0241135 0.999709 -0.000591374 -0.863919 0.0775015 0.00245914 0.996989 61.4715 
0.996622 0.0262426 -0.077817 -4.22902 -0.0262649 0.999655 0.00073661 -0.865788 0.0778094 0.00130973 0.996967 62.3837 
0.996484 0.0282353 -0.0788838 -4.31818 -0.0281269 0.999601 0.00248554 -0.88141 0.0789226 -0.000258047 0.996881 63.2949 
0.996383 0.0285892 -0.0800282 -4.38435 -0.028503 0.999591 0.00221951 -0.892814 0.080059 6.95636e-05 0.99679 64.1492 
0.996222 0.0307638 -0.0812166 -4.47774 -0.0305794 0.999526 0.00351372 -0.921769 0.0812862 -0.00101689 0.99669 64.9877 
0.996089 0.0314262 -0.0825786 -4.54578 -0.0311813 0.999505 0.00425313 -0.936439 0.0826714 -0.00166158 0.996575 65.8058 
0.995928 0.0328154 -0.0839689 -4.62093 -0.0325161 0.999459 0.00492971 -0.962196 0.0840853 -0.0021793 0.996456 66.6516 
0.995774 0.033658 -0.0854505 -4.68779 -0.0332939 0.999429 0.00568377 -0.974724 0.0855931 -0.00281477 0.996326 67.4573 
0.995572 0.0361442 -0.0867785 -4.76816 -0.0355248 0.999331 0.00867178 -0.98701 0.0870338 -0.00555059 0.99619 68.2672 
0.995363 0.0385989 -0.0881094 -4.83891 -0.0375748 0.999206 0.0132536 -1.00751 0.088551 -0.00988145 0.996023 69.0421 
0.995066 0.0424812 -0.0896612 -4.91625 -0.0412612 0.999029 0.0154177 -1.0192 0.0902292 -0.0116421 0.995853 69.7979 
0.99482 0.0458202 -0.0907351 -4.9981 -0.0449457 0.998921 0.0116591 -1.02614 0.0911715 -0.0075206 0.995807 70.5283 
0.994598 0.0472438 -0.0924238 -5.05298 -0.0471115 0.998883 0.0036144 -1.00978 0.0924914 0.000759343 0.995713 71.2575 
0.994459 0.0474454 -0.0938118 -5.11497 -0.0478456 0.998853 -0.00202001 -1.02711 0.0936083 0.00649729 0.995588 71.9582 
0.994335 0.0488512 -0.0944022 -5.18808 -0.0493594 0.998776 -0.00305445 -1.038 0.0941375 0.00769678 0.995529 72.6549 
0.994128 0.0508997 -0.0954914 -5.24963 -0.0510888 0.998694 0.000464432 -1.04566 0.0953903 0.00441684 0.99543 73.3409 
0.99397 0.0516582 -0.0967265 -5.33075 -0.0516281 0.998662 0.00281598 -1.06729 0.0967426 0.00219481 0.995307 74.0036 
0.994057 0.0492948 -0.0970597 -5.41579 -0.0496051 0.998769 -0.000784917 -1.07241 0.0969015 0.00559491 0.995278 74.6433 
0.994411 0.0429947 -0.0964302 -5.48708 -0.0438382 0.999017 -0.00664467 -1.09171 0.0960497 0.0108349 0.995318 75.2563 
0.99467 0.0398273 -0.0951067 -5.55443 -0.0411261 0.999085 -0.011735 -1.10161 0.0945523 0.0155838 0.995398 75.8687 
0.994889 0.0428113 -0.0914475 -5.63537 -0.0440759 0.998958 -0.0118526 -1.10879 0.0908448 0.0158227 0.995739 76.4361 
0.995019 0.0482279 -0.0872451 -5.70571 -0.0492171 0.998746 -0.00922159 -1.10624 0.086691 0.0134696 0.996144 77.0081 
0.99552 0.0464069 -0.0823811 -5.76993 -0.0470972 0.998869 -0.00645431 -1.1168 0.0819885 0.0103053 0.99658 77.5816 
0.996159 0.0421476 -0.0767461 -5.80442 -0.0424819 0.999094 -0.00272857 -1.13168 0.0765615 0.00597841 0.997047 78.1254 
0.996934 0.0376042 -0.0686156 -5.84044 -0.0376535 0.999291 0.000574053 -1.15266 0.0685885 0.00201133 0.997643 78.6541 
0.997494 0.0418259 -0.0570624 -5.90705 -0.0419066 0.999122 -0.000218159 -1.14705 0.0570031 0.0026089 0.998371 79.1922 
0.997999 0.0473956 -0.0418499 -5.94147 -0.0474536 0.998873 -0.000392175 -1.15261 0.0417842 0.00237732 0.999124 79.6923 
0.998334 0.0525983 -0.0237353 -5.96401 -0.0526013 0.998615 0.00049858 -1.16156 0.0237287 0.000750758 0.999718 80.1727 
0.99872 0.0505429 -0.00168286 -5.96446 -0.0505403 0.998721 0.00153704 -1.17496 0.0017584 -0.00145002 0.999997 80.647 
0.998603 0.0474278 0.0233105 -5.91261 -0.0475101 0.998866 0.0029901 -1.18837 -0.0231423 -0.0040934 0.999724 81.1373 
0.997493 0.0468087 0.0530794 -5.89376 -0.0471051 0.99888 0.00434598 -1.1787 -0.0528165 -0.00683539 0.998581 81.6179 
0.995172 0.0475416 0.085865 -5.83657 -0.0481719 0.998825 0.00528182 -1.1758 -0.085513 -0.0093926 0.996293 82.0617 
0.991154 0.0487763 0.123429 -5.77926 -0.0498492 0.998741 0.0056171 -1.17306 -0.123 -0.0117203 0.992337 82.4981 
0.985179 0.0482498 0.164606 -5.68367 -0.0499199 0.998735 0.00602189 -1.18016 -0.164108 -0.0141498 0.986341 82.9538 
0.976614 0.0477462 0.20963 -5.57145 -0.0502081 0.998718 0.00643474 -1.19356 -0.209054 -0.0168094 0.97776 83.3947 
0.964443 0.0493905 0.259635 -5.47086 -0.0522201 0.998628 0.00400785 -1.19561 -0.259081 -0.0174235 0.965699 83.7919 
0.948612 0.0487039 0.312672 -5.33137 -0.0520035 0.998644 0.00221705 -1.21465 -0.312141 -0.0183632 0.949858 84.1885 
0.928454 0.046239 0.368558 -5.17132 -0.0505344 0.99872 0.00200525 -1.22938 -0.367993 -0.0204866 0.929603 84.5714 
0.903672 0.0444135 0.425916 -4.99869 -0.0498838 0.998754 0.00169148 -1.24176 -0.42531 -0.0227748 0.904761 84.9317 
0.873752 0.0428647 0.484479 -4.80607 -0.049172 0.99879 0.000312361 -1.23983 -0.48388 -0.0240958 0.874803 85.2807 
0.839575 0.0386964 0.541864 -4.58685 -0.0458944 0.998946 -0.000228509 -1.23865 -0.541302 -0.0246767 0.840466 85.6069 
0.803451 0.0359005 0.594287 -4.33224 -0.0445788 0.999006 -8.07074e-05 -1.24835 -0.593699 -0.0264278 0.804253 85.883 
0.763508 0.0326482 0.644973 -4.06296 -0.0423097 0.999104 -0.000488584 -1.22306 -0.644411 -0.0269156 0.764205 86.1654 
0.720983 0.0337172 0.692132 -3.79099 -0.0468023 0.998904 9.15501e-05 -1.23899 -0.691371 -0.0324594 0.721771 86.4095 
0.675469 0.0309124 0.736741 -3.51362 -0.0458089 0.99895 8.48848e-05 -1.22827 -0.735965 -0.0338066 0.676176 86.6349 
0.628446 0.0257227 0.777428 -3.21299 -0.0425843 0.999092 0.00136676 -1.22862 -0.776686 -0.0339651 0.628971 86.8565 
0.581136 0.0191395 0.813581 -2.89074 -0.0389974 0.99923 0.00434873 -1.23183 -0.812872 -0.0342548 0.581435 87.0648 
0.534101 0.0187629 0.845213 -2.56671 -0.0380408 0.999274 0.0018556 -1.22886 -0.844564 -0.0331436 0.534427 87.2509 
0.486452 0.0201563 0.873475 -2.22819 -0.0379467 0.999278 -0.00192626 -1.22493 -0.872883 -0.0322084 0.486866 87.4357 
0.439578 0.0209633 0.89796 -1.89892 -0.0376441 0.999279 -0.00490072 -1.23131 -0.897415 -0.0316487 0.440051 87.5979 
0.397682 0.0119355 0.917446 -1.55408 -0.0336719 0.999432 0.00159359 -1.22927 -0.916905 -0.0315259 0.397858 87.713 
0.358333 -0.00307967 0.933589 -1.20996 -0.0306464 0.999417 0.0150596 -1.23581 -0.933091 -0.0340075 0.35803 87.8084 
0.322828 -0.00583849 0.94644 -0.855788 -0.0325976 0.999319 0.0172836 -1.23242 -0.945896 -0.0364313 0.322418 87.9067 
0.289466 -0.00325989 0.957183 -0.508883 -0.0308667 0.999442 0.0127384 -1.23469 -0.95669 -0.0332324 0.289204 88.007 
0.257842 0.00799029 0.966154 -0.15434 -0.0293773 0.999568 -0.000426592 -1.23374 -0.96574 -0.028273 0.257965 88.1153 
0.229302 0.0126715 0.973273 0.228809 -0.0274906 0.999601 -0.0065375 -1.24293 -0.972967 -0.0252568 0.229558 88.2046 
0.203608 0.012088 0.978978 0.604273 -0.0259392 0.999639 -0.00694824 -1.26444 -0.978709 -0.0239792 0.203848 88.2752 
0.18012 0.00491112 0.983632 1.0064 -0.021946 0.999759 -0.000972955 -1.27183 -0.9834 -0.0214116 0.180184 88.3349 
0.159952 -0.00186514 0.987123 1.41195 -0.0134417 0.999901 0.00406736 -1.26373 -0.987033 -0.0139192 0.159911 88.3835 
0.139907 -0.00239565 0.990162 1.8233 -0.00640154 0.999974 0.0033239 -1.24766 -0.990144 -0.00680359 0.139888 88.4397 
0.122572 -0.000766984 0.992459 2.24836 -0.00578883 0.999982 0.00148774 -1.23283 -0.992443 -0.00592753 0.122565 88.4893 
0.107038 0.0014644 0.994254 2.7006 -0.0107654 0.999942 -0.000313804 -1.24235 -0.994197 -0.01067 0.107048 88.541 
0.0924046 0.000315162 0.995721 3.18563 -0.0138883 0.999903 0.000972371 -1.24753 -0.995625 -0.0139187 0.0924 88.5953 
0.0789857 -0.000970699 0.996875 3.68209 -0.0161671 0.999867 0.00225458 -1.2622 -0.996745 -0.0162946 0.0789595 88.6343 
0.0672503 -0.00450159 0.997726 4.1938 -0.0164669 0.999849 0.0056211 -1.26631 -0.9976 -0.0168075 0.067166 88.6722 
0.0570588 -0.00764369 0.998342 4.69809 -0.0147408 0.999855 0.00849777 -1.26043 -0.998262 -0.0152012 0.0569378 88.6975 
0.0491456 -0.0099155 0.998742 5.22448 -0.0138813 0.999847 0.0106095 -1.25365 -0.998695 -0.0143852 0.0490005 88.7272 
0.0433719 -0.0113046 0.998995 5.77961 -0.0132874 0.999841 0.011891 -1.24702 -0.998971 -0.0137897 0.0432148 88.7591 
0.0379711 -0.0128297 0.999196 6.3408 -0.0114101 0.999847 0.0132717 -1.23563 -0.999214 -0.0119049 0.0378189 88.7742 
0.031903 -0.0128607 0.999408 6.9308 -0.0104597 0.999858 0.0132004 -1.22646 -0.999436 -0.0108746 0.0317639 88.7968 
0.0275557 -0.0150489 0.999507 7.53335 -0.0100784 0.999832 0.0153317 -1.21919 -0.999569 -0.0104959 0.0273994 88.8133 
0.0249436 -0.0174443 0.999537 8.10046 -0.0102697 0.999791 0.0177051 -1.2224 -0.999636 -0.0107065 0.0247592 88.811 
0.0218147 -0.018061 0.999599 8.73388 -0.0107659 0.999775 0.0182992 -1.2204 -0.999704 -0.0111608 0.0216154 88.8301 
0.0187061 -0.0172116 0.999677 9.42621 -0.0109153 0.999789 0.0174178 -1.21632 -0.999765 -0.0112376 0.0185143 88.8613 
0.0184199 -0.0198231 0.999634 10.058 -0.0118236 0.999729 0.0200428 -1.2421 -0.99976 -0.0121885 0.0181806 88.8427 
0.0197299 -0.0216967 0.99957 10.6901 -0.012372 0.999683 0.0219434 -1.24543 -0.999729 -0.0127996 0.0194552 88.8175 
0.021522 -0.0199121 0.99957 11.3436 -0.0137699 0.999701 0.0202112 -1.31131 -0.999674 -0.014199 0.0212414 88.8396 
0.0245774 -0.0218499 0.999459 12.0515 -0.0136849 0.99966 0.0221908 -1.30962 -0.999604 -0.0142228 0.0242701 88.8812 
0.029101 -0.0216919 0.999341 12.7448 -0.0137895 0.999661 0.0221004 -1.28652 -0.999481 -0.0144235 0.028792 88.8845 
0.0332304 -0.0237905 0.999165 13.4563 -0.0149835 0.999592 0.024299 -1.25928 -0.999335 -0.0157784 0.0328604 88.9014 
0.0374039 -0.024028 0.999011 14.1988 -0.0165087 0.99956 0.0246593 -1.25047 -0.999164 -0.0174147 0.0369907 88.9209 
0.0409701 -0.0204086 0.998952 14.9586 -0.01908 0.999593 0.0212043 -1.24696 -0.998978 -0.0199287 0.040564 88.9687 
0.0451484 -0.0201039 0.998778 15.7559 -0.020168 0.999575 0.0210316 -1.23798 -0.998777 -0.0210929 0.0447238 89.0029 
0.0492952 -0.0175836 0.998629 16.5323 -0.0196729 0.999634 0.0185724 -1.23621 -0.99859 -0.0205615 0.0489312 89.0433 
0.052072 -0.014114 0.998544 17.334 -0.0167593 0.999747 0.015005 -1.27102 -0.998503 -0.0175162 0.0518223 89.1095 
0.0537043 -0.00749572 0.998529 18.0759 -0.0117926 0.999897 0.00814024 -1.2518 -0.998487 -0.0122124 0.0536104 89.143 
0.0533156 -0.0046549 0.998567 18.9474 -0.00783833 0.999956 0.00507988 -1.2222 -0.998547 -0.00809793 0.0532767 89.2107 
0.0534461 -0.00226026 0.998568 19.7351 -0.00727117 0.99997 0.00265261 -1.19883 -0.998544 -0.00740253 0.0534281 89.2579 
0.0538306 0.000407547 0.99855 20.5573 -0.00817248 0.999967 3.2443e-05 -1.16814 -0.998517 -0.00816238 0.0538321 89.2953 
0.0539187 -0.0013434 0.998544 21.3744 -0.00885089 0.999959 0.00182323 -1.16899 -0.998506 -0.00893631 0.0539046 89.3383 
0.0544171 0.000928956 0.998518 22.1814 -0.00925202 0.999957 -0.000426079 -1.16816 -0.998475 -0.00921513 0.0544234 89.3843 
0.0543229 0.00314521 0.998518 22.9924 -0.00934125 0.999953 -0.00264153 -1.18823 -0.99848 -0.00918391 0.0543497 89.4394 
0.0547197 0.0061298 0.998483 23.7925 -0.00907302 0.999943 -0.00564154 -1.19982 -0.998461 -0.00875055 0.0547722 89.4873 
0.0534148 0.00937565 0.998528 24.5942 -0.00738584 0.999932 -0.00899374 -1.20247 -0.998545 -0.00689457 0.0534804 89.541 
0.0508931 0.0114022 0.998639 25.4186 -0.00772236 0.999909 -0.0110232 -1.20928 -0.998674 -0.00715085 0.0509765 89.592 
0.0466305 0.0144936 0.998807 26.2571 -0.00948089 0.999856 -0.0140662 -1.23662 -0.998867 -0.00881366 0.0467612 89.6592 
0.0415208 0.0183471 0.998969 27.0551 -0.0120907 0.999767 -0.0178592 -1.26617 -0.999064 -0.0113367 0.041733 89.6982 
0.0346223 0.022641 0.999144 27.8888 -0.0155794 0.999634 -0.0221123 -1.32695 -0.999279 -0.0148005 0.0349623 89.753 
0.0268787 0.0242776 0.999344 28.7104 -0.0153619 0.999597 -0.0238706 -1.35965 -0.999521 -0.0147102 0.0272408 89.7926 
0.0184951 0.0233905 0.999555 29.4976 -0.0133917 0.999642 -0.0231448 -1.36938 -0.999739 -0.0129576 0.0188017 89.8102 
0.00842875 0.0238845 0.999679 30.3008 -0.0129991 0.999633 -0.0237738 -1.39995 -0.99988 -0.0127945 0.00873613 89.8328 
-0.00171653 0.022488 0.999746 31.1101 -0.0136829 0.999653 -0.0225094 -1.42525 -0.999905 -0.013718 -0.00140824 89.8387 
-0.0129134 0.0248123 0.999609 31.919 -0.0144119 0.999584 -0.0249979 -1.45657 -0.999813 -0.0147291 -0.0125504 89.853 
-0.0235978 0.0228009 0.999461 32.71 -0.0148708 0.999621 -0.0231557 -1.4822 -0.999611 -0.0154093 -0.0232498 89.833 
-0.0348532 0.0234582 0.999117 33.5031 -0.0146333 0.999605 -0.0239802 -1.51422 -0.999285 -0.0154562 -0.0344962 89.823 
-0.0461831 0.025139 0.998617 34.2994 -0.0137546 0.999573 -0.0257991 -1.55156 -0.998838 -0.014927 -0.0458175 89.8102 
-0.0570097 0.0263337 0.998026 35.0817 -0.0130846 0.999547 -0.0271212 -1.59958 -0.998288 -0.014605 -0.0566392 89.7825 
-0.0671678 0.0267095 0.997384 35.8594 -0.0123998 0.999542 -0.0276023 -1.63774 -0.997665 -0.0142213 -0.0668059 89.7252 
-0.0764864 0.0266661 0.996714 36.6076 -0.0117794 0.999548 -0.0276459 -1.6719 -0.997001 -0.0138552 -0.0761377 89.6664 
-0.0859843 0.027198 0.995925 37.3502 -0.0115272 0.999533 -0.0282917 -1.71628 -0.99623 -0.0139128 -0.0856306 89.5944 
-0.0947955 0.0253645 0.995174 38.1105 -0.011486 0.999581 -0.0265709 -1.76791 -0.995431 -0.0139493 -0.0944644 89.5121 
-0.103088 0.0247886 0.994363 38.858 -0.0121483 0.999583 -0.0261782 -1.8028 -0.994598 -0.0147785 -0.102744 89.4315 
-0.11056 0.0232934 0.993596 39.5862 -0.0131776 0.999603 -0.0249005 -1.83101 -0.993782 -0.0158462 -0.110209 89.3556 
-0.115602 0.0196429 0.993101 40.2984 -0.0155338 0.999646 -0.0215806 -1.86136 -0.993174 -0.0179214 -0.115256 89.2639 
-0.11945 0.0178833 0.992679 40.9951 -0.0169796 0.999655 -0.0200521 -1.87403 -0.992695 -0.0192505 -0.119105 89.1828 
-0.121998 0.0162365 0.992397 41.7015 -0.0184802 0.999656 -0.018627 -1.90086 -0.992358 -0.0206122 -0.121656 89.0918 
-0.123966 0.0157339 0.992162 42.3991 -0.0192952 0.999647 -0.0182634 -1.9221 -0.992099 -0.021408 -0.123619 89.0171 
-0.124653 0.0137843 0.992105 43.079 -0.0192063 0.999683 -0.0163027 -1.95715 -0.992015 -0.0210869 -0.124348 88.9323 
-0.123761 0.0130985 0.992226 43.6942 -0.0183477 0.999712 -0.0154858 -1.98198 -0.992142 -0.0201216 -0.123485 88.8556 
-0.122232 0.0126607 0.992421 44.309 -0.0171534 0.999742 -0.0148668 -2.01245 -0.992353 -0.0188406 -0.121983 88.812 
-0.116796 0.0119226 0.993084 44.9218 -0.0169853 0.999758 -0.0140003 -2.05147 -0.993011 -0.0185031 -0.116565 88.7393 
-0.109157 0.0138025 0.993929 45.515 -0.0161364 0.999747 -0.0156554 -2.07895 -0.993894 -0.0177473 -0.108906 88.6759 
-0.098332 0.0163394 0.99502 46.0705 -0.0159262 0.999711 -0.0179903 -2.10301 -0.995026 -0.0176159 -0.0980434 88.6298 
-0.0844607 0.0180507 0.996263 46.6215 -0.0151622 0.999697 -0.0193984 -2.12673 -0.996311 -0.016744 -0.0841614 88.5783 
-0.0671093 0.0187515 0.997569 47.1475 -0.0127583 0.999726 -0.0196503 -2.12901 -0.997664 -0.014046 -0.0668517 88.5436 
-0.0460254 0.0209621 0.99872 47.6792 -0.010474 0.999715 -0.0214656 -2.15273 -0.998885 -0.0114486 -0.0457927 88.5209 
-0.0215928 0.0236381 0.999487 48.1815 -0.00677605 0.999694 -0.0237894 -2.16148 -0.999744 -0.00728626 -0.021426 88.5168 
0.00753387 0.0249562 0.99966 48.675 -0.00457081 0.999679 -0.0249222 -2.17146 -0.999961 -0.0043815 0.00764553 88.5124 
0.0408553 0.0256231 0.998836 49.1901 -0.00375061 0.999668 -0.025491 -2.16209 -0.999158 -0.0027048 0.0409379 88.5381 
0.0789996 0.0258561 0.996539 49.7024 -0.00519265 0.999661 -0.0255255 -2.16501 -0.996861 -0.00315818 0.079107 88.5777 
0.121743 0.0252458 0.992241 50.2233 -0.00716594 0.999673 -0.0245557 -2.15937 -0.992536 -0.00412085 0.121884 88.6326 
0.166943 0.0273881 0.985586 50.7185 -0.0117558 0.999598 -0.0257863 -2.18671 -0.985896 -0.00728151 0.167198 88.7284 
0.215949 0.0307445 0.975921 51.2081 -0.0158487 0.999483 -0.0279798 -2.21415 -0.976276 -0.00942489 0.216324 88.8375 
0.268302 0.0343599 0.962722 51.6859 -0.017984 0.999368 -0.0306558 -2.2242 -0.963167 -0.00908856 0.268751 88.9664 
0.32399 0.0355098 0.945394 52.1592 -0.0182402 0.999344 -0.0312853 -2.24149 -0.945885 -0.00710806 0.324425 89.1177 
0.382184 0.0321453 0.923527 52.6002 -0.0149156 0.999479 -0.0286164 -2.265 -0.923966 -0.00283824 0.382465 89.3076 
0.44196 0.0305209 0.896515 53.0333 -0.00926537 0.999523 -0.0294601 -2.27486 -0.896987 0.00471365 0.442032 89.5271 
0.503051 0.0264966 0.86385 53.4748 -0.00176491 0.999559 -0.0296313 -2.27536 -0.864255 0.0133815 0.502876 89.7518 
0.562136 0.0266157 0.826616 53.8727 0.000563599 0.999469 -0.0325646 -2.29097 -0.827044 0.0187716 0.561823 90.0183 
0.618725 0.0255106 0.785194 54.2464 0.00233561 0.999408 -0.0343108 -2.30841 -0.785605 0.0230628 0.618299 90.3122 
0.671733 0.0212441 0.740489 54.5736 0.00453741 0.999452 -0.0327897 -2.33716 -0.74078 0.0253858 0.671268 90.6289 
0.721239 0.0167529 0.692484 54.8888 0.0055878 0.999534 -0.0300011 -2.35988 -0.692664 0.0255074 0.720809 90.9564 
0.767476 0.0139329 0.640926 55.1978 0.00278955 0.999682 -0.0250722 -2.38776 -0.641071 0.0210302 0.767193 91.3158 
0.809037 0.0117489 0.58764 55.4617 -0.000388104 0.999811 -0.0194552 -2.40276 -0.587757 0.0155119 0.808889 91.6883 
0.845489 0.0109884 0.53388 55.6655 -0.00401754 0.999891 -0.0142174 -2.43042 -0.533977 0.00987575 0.845441 92.0507 
0.877205 0.0122343 0.47996 55.902 -0.00858335 0.999915 -0.00980073 -2.43757 -0.480039 0.00447758 0.877236 92.4794 
0.902886 0.0181805 0.429496 56.0841 -0.0155895 0.999833 -0.00955058 -2.43848 -0.429598 0.00192745 0.903018 92.898 
0.923195 0.0220145 0.383701 56.2395 -0.0201073 0.999757 -0.00898137 -2.44813 -0.383805 0.000576368 0.923414 93.3263 
0.938532 0.0294158 0.343938 56.3858 -0.0276873 0.999567 -0.00993701 -2.4579 -0.344081 -0.0001965 0.93894 93.7755 
0.950307 0.0346143 0.309384 56.5012 -0.0318983 0.999395 -0.0138345 -2.4621 -0.309676 0.00327822 0.950837 94.2196 
0.959714 0.0359942 0.278664 56.6264 -0.0332006 0.99934 -0.0147395 -2.47317 -0.279011 0.00489389 0.960275 94.6861 
0.965862 0.0306561 0.257238 56.7497 -0.0280623 0.999512 -0.013749 -2.48241 -0.257534 0.00606097 0.96625 95.1705 
0.969875 0.028142 0.24197 56.8508 -0.025796 0.999585 -0.0128587 -2.49557 -0.242231 0.00622951 0.970198 95.6246 
0.972857 0.0318024 0.229212 56.9557 -0.0293206 0.999469 -0.0142259 -2.50898 -0.229543 0.00711914 0.973272 96.1136 
0.974855 0.0377089 0.219629 57.0622 -0.0351291 0.99926 -0.0156414 -2.5135 -0.220056 0.00753278 0.975458 96.6436 
0.976048 0.04308 0.213246 57.163 -0.0400231 0.999025 -0.0186335 -2.50808 -0.213841 0.00965247 0.976821 97.1607 
0.976473 0.0476664 0.210305 57.268 -0.0437454 0.998772 -0.02326 -2.5195 -0.211155 0.0135129 0.977359 97.6843 
0.976622 0.0481376 0.209506 57.3803 -0.0436655 0.99871 -0.0259217 -2.53116 -0.210484 0.0161675 0.977464 98.1787 
0.976143 0.0465991 0.212072 57.4928 -0.0414364 0.998728 -0.0287261 -2.55471 -0.21314 0.0192532 0.976832 98.7213 
0.97536 0.0444352 0.216099 57.6178 -0.0377378 0.998674 -0.0350225 -2.55255 -0.217369 0.0260044 0.975743 99.2505 
0.974442 0.04359 0.220368 57.7431 -0.0357868 0.998587 -0.0392809 -2.57332 -0.221769 0.0303907 0.974626 99.8259 
0.973213 0.0499991 0.224405 57.87 -0.042035 0.99831 -0.0401308 -2.60124 -0.226032 0.0296229 0.973669 100.377 
0.971675 0.0562997 0.229518 57.9961 -0.0490896 0.998109 -0.0370086 -2.64286 -0.231168 0.0246933 0.972601 100.942 
0.970575 0.0550718 0.234419 58.1254 -0.0489385 0.998292 -0.0319056 -2.67465 -0.235776 0.0194946 0.971612 101.524 
0.969875 0.0526975 0.237835 58.2955 -0.0478912 0.998516 -0.0259456 -2.70428 -0.238849 0.0137738 0.970959 102.169 
0.968735 0.0534287 0.242278 58.4365 -0.0496341 0.998531 -0.0217431 -2.726 -0.243084 0.00903806 0.969963 102.804 
0.968235 0.0493086 0.245133 58.5958 -0.0459811 0.998756 -0.0192823 -2.76701 -0.245778 0.00739833 0.969298 103.402 
0.968403 0.043897 0.245497 58.7628 -0.0399239 0.998979 -0.0211397 -2.78091 -0.246174 0.0106705 0.969167 104.036 
0.968698 0.0416021 0.24473 58.9419 -0.0359425 0.998974 -0.0275485 -2.79354 -0.245625 0.0178899 0.9692 104.677 
0.968836 0.0418546 0.244141 59.096 -0.0345439 0.998819 -0.0341517 -2.80685 -0.245282 0.0246538 0.969138 105.335 
0.969224 0.0454995 0.241941 59.2479 -0.0373092 0.998568 -0.0383292 -2.84766 -0.243339 0.0281229 0.969534 106.015 
0.969885 0.0440722 0.239541 59.4052 -0.0370358 0.998742 -0.0337991 -2.88327 -0.240729 0.0239096 0.970298 106.694 
0.970357 0.041583 0.238072 59.577 -0.036452 0.998999 -0.0259163 -2.91835 -0.238912 0.0164698 0.970902 107.399 
0.970769 0.0446774 0.23582 59.7349 -0.0408579 0.998943 -0.0210611 -2.95704 -0.236512 0.0108104 0.971568 108.139 
0.971012 0.0484652 0.234065 59.9029 -0.0443994 0.998758 -0.0226116 -2.98537 -0.234871 0.0115638 0.971958 108.88 
0.971207 0.0532691 0.232204 60.0555 -0.0480087 0.998447 -0.028251 -3.01113 -0.233348 0.0162898 0.972257 109.6 
0.972147 0.0530074 0.2283 60.2289 -0.0465853 0.998355 -0.0334316 -3.03799 -0.229697 0.021865 0.973017 110.324 
0.972967 0.0521706 0.224976 60.3942 -0.0450582 0.998312 -0.0366372 -3.0599 -0.226508 0.0255097 0.973675 111.08 
0.974003 0.0498334 0.220988 60.5781 -0.0431454 0.998456 -0.0349916 -3.08793 -0.22239 0.0245473 0.974649 111.865 
0.974921 0.0462184 0.217699 60.7523 -0.0401249 0.998671 -0.0323311 -3.12621 -0.218904 0.0227851 0.97548 112.64 
0.975313 0.0470995 0.215748 60.9316 -0.0415945 0.998684 -0.0299882 -3.16206 -0.216876 0.0202739 0.975989 113.431 
0.975718 0.0440033 0.214564 61.0983 -0.0390537 0.998865 -0.0272552 -3.19082 -0.215519 0.0182139 0.97633 114.199 
0.975906 0.0389573 0.214686 61.2634 -0.0344413 0.999101 -0.0247373 -3.22781 -0.215456 0.0167472 0.97637 114.995 
0.976084 0.0406832 0.213553 61.4449 -0.0364978 0.999057 -0.0235068 -3.26261 -0.214308 0.0151504 0.976649 115.761 
0.975642 0.0474456 0.214178 61.5991 -0.0428301 0.99874 -0.026142 -3.31399 -0.215148 0.016332 0.976445 116.579 
0.975307 0.0520084 0.214644 61.7615 -0.0465655 0.998454 -0.0303401 -3.3396 -0.21589 0.0195959 0.976221 117.398 
0.974694 0.0609244 0.21508 61.9265 -0.0549031 0.997917 -0.0338656 -3.3616 -0.216695 0.0212001 0.976009 118.229 
0.973767 0.0672003 0.2174 62.0996 -0.0610935 0.997529 -0.0346984 -3.39018 -0.219195 0.0205064 0.975466 119.034 
0.972946 0.0697652 0.220248 62.2696 -0.064018 0.997399 -0.0331337 -3.43266 -0.221987 0.0181375 0.974881 119.899 
0.972155 0.0701189 0.223604 62.4363 -0.0640861 0.99736 -0.0341325 -3.46974 -0.225407 0.0188522 0.974082 120.78 
0.971743 0.0694216 0.225603 62.6249 -0.0628091 0.997363 -0.0363657 -3.5159 -0.227532 0.0211682 0.97354 121.619 
0.971762 0.0629932 0.2274 62.816 -0.0565809 0.997798 -0.0346142 -3.53803 -0.22908 0.0207703 0.973186 122.489 
0.971996 0.0562888 0.228155 63.0034 -0.0498493 0.998181 -0.0338938 -3.59955 -0.229648 0.0215713 0.973035 123.309 
0.971634 0.0566213 0.229611 63.1882 -0.0500642 0.998157 -0.0342876 -3.63304 -0.23113 0.0218197 0.972678 124.138 
0.971056 0.0595262 0.231315 63.372 -0.0535283 0.998049 -0.0321255 -3.67413 -0.232776 0.0188138 0.972348 125.025 
0.970572 0.0633143 0.232339 63.5628 -0.0585659 0.997911 -0.0272858 -3.71488 -0.233581 0.0128757 0.972252 125.868 
0.970126 0.0670442 0.233153 63.7475 -0.0631529 0.997712 -0.0241237 -3.75588 -0.234237 0.00867878 0.972141 126.717 
0.969904 0.06492 0.234672 63.9334 -0.0595637 0.997778 -0.0298484 -3.78822 -0.236089 0.0149722 0.971616 127.541 
0.970209 0.0573514 0.235385 64.1301 -0.0488181 0.997927 -0.0419263 -3.82281 -0.237301 0.0291863 0.970998 128.334 
0.970365 0.0532393 0.235707 64.3206 -0.0424153 0.99781 -0.0507599 -3.84326 -0.237893 0.0392581 0.970498 129.146 
0.970466 0.0529508 0.235353 64.5061 -0.0443095 0.998141 -0.0418582 -3.8909 -0.237132 0.0301936 0.971008 129.97 
0.971025 0.0505395 0.233572 64.7177 -0.0468872 0.998676 -0.0211666 -3.94174 -0.234332 0.0096018 0.972109 130.795 
0.971269 0.0511397 0.232426 64.9172 -0.0509825 0.998677 -0.0066875 -3.99532 -0.23246 -0.00535429 0.972591 131.625 
0.971224 0.0542292 0.23191 65.1032 -0.0526797 0.998528 -0.0128739 -4.01831 -0.232267 0.000286476 0.972652 132.456 
0.971343 0.0587693 0.230303 65.2804 -0.0534034 0.998138 -0.0294694 -4.02923 -0.231606 0.0163259 0.972673 133.205 
0.971458 0.0584989 0.229885 65.4544 -0.0512262 0.997983 -0.0374832 -4.04605 -0.231614 0.0246372 0.972496 134.001 
0.972072 0.055107 0.228119 65.643 -0.0478286 0.998158 -0.0373166 -4.09704 -0.229756 0.0253638 0.972918 134.803 
0.972646 0.055725 0.225511 65.8244 -0.0488473 0.998158 -0.0359683 -4.14496 -0.2271 0.0239688 0.973576 135.62 
0.973534 0.0554466 0.221715 66.0013 -0.0483176 0.99813 -0.0374543 -4.18431 -0.223377 0.0257503 0.974392 136.422 
0.974573 0.0565702 0.216809 66.1769 -0.0490948 0.998004 -0.0397161 -4.22262 -0.218623 0.028062 0.975406 137.226 
0.97497 0.0626597 0.213326 66.3459 -0.055164 0.997639 -0.0409161 -4.27416 -0.215386 0.028124 0.976124 138.016 
0.975059 0.069043 0.210935 66.5065 -0.061399 0.997205 -0.0425833 -4.315 -0.213285 0.02857 0.976572 138.81 
0.97539 0.0714163 0.208599 66.6782 -0.0641097 0.997076 -0.0415895 -4.357 -0.210959 0.0271928 0.977117 139.612 
0.975697 0.0714332 0.207155 66.8488 -0.065198 0.997194 -0.0367806 -4.41166 -0.209201 0.0223807 0.977617 140.421 
0.976055 0.0697739 0.206032 67.0019 -0.0636761 0.997318 -0.036089 -4.46199 -0.207997 0.0221056 0.97788 141.209 
0.976648 0.0684814 0.203641 67.1632 -0.0618332 0.997331 -0.0388396 -4.50583 -0.205758 0.0253408 0.978275 142 
0.977988 0.0633464 0.198815 67.3308 -0.0561099 0.997548 -0.0418293 -4.54181 -0.200977 0.0297531 0.979144 142.783 
0.979317 0.0601246 0.19319 67.457 -0.0529784 0.997714 -0.0419508 -4.59945 -0.195271 0.0308482 0.980264 143.561 
0.980504 0.0599024 0.187147 67.5941 -0.053962 0.997869 -0.0366811 -4.65245 -0.188946 0.0258671 0.981647 144.356 
0.981756 0.0580887 0.181055 67.7284 -0.0538321 0.998148 -0.0283397 -4.7013 -0.182366 0.0180761 0.983065 145.14 
0.982504 0.0574384 0.177165 67.8713 -0.0549493 0.99831 -0.0189285 -4.7469 -0.177953 0.00886222 0.983999 145.951 
0.982718 0.0652546 0.173224 67.9843 -0.0630777 0.997845 -0.0180485 -4.78308 -0.174028 0.00681008 0.984717 146.736 
0.983331 0.0678123 0.168703 68.1075 -0.0647574 0.997623 -0.0235514 -4.80357 -0.169899 0.012234 0.985385 147.528 
0.984526 0.0679595 0.161527 68.2362 -0.0632584 0.997415 -0.0340766 -4.82758 -0.163425 0.0233314 0.98628 148.309 
0.985681 0.0648484 0.155653 68.3582 -0.0594024 0.997457 -0.0393929 -4.85537 -0.157811 0.0295827 0.987026 149.109 
0.986643 0.0644482 0.149603 68.4709 -0.0591824 0.99747 -0.0393925 -4.87857 -0.151764 0.0300125 0.987961 149.913 
0.987346 0.0721431 0.141223 68.584 -0.0675381 0.997025 -0.0371403 -4.92705 -0.143482 0.0271324 0.989281 150.699 
0.988105 0.0767355 0.133266 68.6759 -0.0721167 0.996627 -0.0391534 -4.97542 -0.135821 0.029077 0.990307 151.499 
0.989288 0.0784323 0.123113 68.7768 -0.0733191 0.996268 -0.0455348 -5.01209 -0.126225 0.0360205 0.991347 152.273 
0.990438 0.0764388 0.114847 68.8678 -0.0713569 0.996308 -0.0477331 -5.06044 -0.118071 0.0390816 0.992236 153.065 
0.991174 0.0781602 0.107079 68.9402 -0.0735882 0.996227 -0.046009 -5.09192 -0.110271 0.0377231 0.993185 153.874 
0.991758 0.0813314 0.0989967 69.0096 -0.0778025 0.996205 -0.0390067 -5.15333 -0.101794 0.0309831 0.994323 154.687 
0.992363 0.0844006 0.0899602 69.0927 -0.0816346 0.996082 -0.0340018 -5.19678 -0.0924776 0.0263982 0.995365 155.526 
0.993237 0.0819018 0.082295 69.1611 -0.0795806 0.996343 -0.0311072 -5.23631 -0.0845418 0.0243477 0.996122 156.349 
0.993609 0.0832278 0.0762461 69.2168 -0.0811826 0.996261 -0.0295467 -5.27285 -0.0784202 0.023168 0.996651 157.169 
0.993905 0.0823795 0.0732555 69.2452 -0.0802707 0.996282 -0.0312846 -5.31257 -0.0755604 0.0252137 0.996822 157.978 
0.993912 0.0863053 0.0684831 69.2989 -0.083889 0.995772 -0.0374136 -5.34125 -0.0714225 0.0314408 0.99695 158.805 
0.993556 0.092891 0.0649458 69.339 -0.0900224 0.994887 -0.0457867 -5.36264 -0.0688669 0.0396451 0.996838 159.626 
0.99363 0.094053 0.062081 69.3768 -0.0911248 0.994661 -0.0484295 -5.40303 -0.0663045 0.0424639 0.996895 160.446 
0.993523 0.0973106 0.058678 69.4273 -0.0948773 0.994563 -0.0429261 -5.45004 -0.0625362 0.0370809 0.997354 161.25 
0.993323 0.10075 0.0562113 69.4579 -0.0990573 0.994563 -0.0321282 -5.51124 -0.0591426 0.0263456 0.997902 162.067 
0.993371 0.102304 0.0524188 69.4939 -0.101093 0.994556 -0.0252558 -5.55194 -0.0547173 0.0197892 0.998306 162.907 
0.99394 0.0990451 0.0476739 69.528 -0.0977625 0.994801 -0.0285272 -5.58915 -0.0502515 0.0236936 0.998456 163.744 
0.995342 0.086417 0.0427298 69.5666 -0.084806 0.995666 -0.0381817 -5.62001 -0.0458441 0.0343801 0.998357 164.589 
0.995804 0.0842155 0.0358118 69.6129 -0.0826548 0.995649 -0.0430321 -5.6555 -0.0392799 0.0398915 0.998432 165.374 
0.995613 0.088956 0.0289943 69.6213 -0.0876929 0.995251 -0.0422598 -5.69822 -0.0326159 0.0395318 0.998686 166.209 
0.996018 0.0865822 0.0212476 69.6337 -0.085776 0.995653 -0.0363018 -5.74691 -0.0242983 0.0343347 0.999115 167.082 
0.996517 0.0822302 0.0138812 69.6515 -0.0817355 0.996105 -0.0330783 -5.79082 -0.0165471 0.0318285 0.999356 167.896 
0.99718 0.0745683 0.00842327 69.6616 -0.0742936 0.996808 -0.0292196 -5.83712 -0.0105752 0.0285115 0.999538 168.736 
0.997507 0.070525 0.00229713 69.6639 -0.0704275 0.997085 -0.0293536 -5.87815 -0.0043606 0.0291187 0.999566 169.576 
0.997642 0.0685002 -0.00420842 69.672 -0.0686081 0.996981 -0.036361 -5.91989 0.00170498 0.036564 0.99933 170.391 
0.998122 0.0601249 -0.0117 69.6932 -0.0606089 0.997068 -0.046701 -5.95428 0.00885778 0.0473224 0.99884 171.197 
0.998534 0.0511358 -0.0177247 69.6854 -0.0519787 0.99735 -0.0509029 -6.00336 0.0150748 0.0517496 0.998546 172.051 
0.998165 0.0554194 -0.0243925 69.6534 -0.0564417 0.997461 -0.0434355 -6.05783 0.0219234 0.0447326 0.998758 172.909 
0.997312 0.0669405 -0.0298033 69.6209 -0.0678333 0.997245 -0.030027 -6.11535 0.0277111 0.0319679 0.999105 173.725 
0.996785 0.0723011 -0.0345392 69.5717 -0.0730925 0.997077 -0.022225 -6.16417 0.0328314 0.0246781 0.999156 174.569 
0.996625 0.0727239 -0.0380739 69.542 -0.0737153 0.996958 -0.0253138 -6.20106 0.0361171 0.028035 0.998954 175.383 
0.996387 0.074841 -0.0401364 69.5049 -0.0762927 0.996437 -0.0359456 -6.22771 0.0373032 0.0388778 0.998547 176.206 
0.99537 0.0858065 -0.0433202 69.4516 -0.0877304 0.995143 -0.0446533 -6.25786 0.0392782 0.048247 0.998063 177.037 
0.995468 0.083579 -0.0453587 69.4041 -0.0857617 0.995134 -0.0485186 -6.29156 0.0410828 0.0521887 0.997792 177.895 
0.99582 0.0779416 -0.0476287 69.3702 -0.0800499 0.995815 -0.0440864 -6.34015 0.0439933 0.0477148 0.997892 178.754 
0.995836 0.0776012 -0.0478383 69.3464 -0.0793264 0.996224 -0.0352842 -6.38667 0.0449196 0.0389321 0.998232 179.567 
0.995716 0.0792715 -0.0475971 69.2838 -0.0807337 0.996295 -0.0296231 -6.434 0.0450725 0.0333389 0.998427 180.427 
0.995726 0.0777405 -0.0498681 69.265 -0.0793046 0.996393 -0.0301896 -6.47176 0.0473413 0.0340153 0.998299 181.234 
0.995821 0.0752086 -0.0518151 69.224 -0.0772861 0.996233 -0.039329 -6.50494 0.048662 0.0431692 0.997882 182.075 
0.996492 0.0643873 -0.053469 69.1871 -0.0671413 0.996418 -0.0514136 -6.54509 0.0499671 0.0548232 0.997245 182.92 
0.997087 0.052852 -0.0549846 69.1573 -0.055933 0.996858 -0.0560924 -6.59366 0.0518472 0.0590045 0.99691 183.748 
0.99672 0.0588176 -0.055594 69.0885 -0.0616922 0.996766 -0.0514878 -6.66077 0.0523858 0.0547486 0.997125 184.614 
0.996283 0.0647944 -0.0567675 69.0243 -0.0671252 0.996936 -0.0401589 -6.72951 0.0539915 0.0438202 0.997579 185.467 
0.996172 0.0651033 -0.0583308 68.9671 -0.0673032 0.997062 -0.0365764 -6.78276 0.0557782 0.0403622 0.997627 186.319 
0.996227 0.0629966 -0.0596901 68.9269 -0.0654599 0.997043 -0.0402507 -6.82621 0.056978 0.0440061 0.997405 187.139 
0.996282 0.0622307 -0.0595817 68.8775 -0.065039 0.996803 -0.0464144 -6.86424 0.0565028 0.050117 0.997144 187.973 
0.995796 0.0689272 -0.0603307 68.8136 -0.0717725 0.996344 -0.046337 -6.91163 0.0569162 0.0504723 0.997102 188.807 
0.995626 0.0709434 -0.0608019 68.7527 -0.073621 0.996359 -0.0429893 -6.96522 0.0575307 0.0472776 0.997224 189.632 
0.99526 0.075068 -0.0618176 68.6934 -0.077592 0.996203 -0.0394921 -7.0168 0.0586183 0.0441015 0.997306 190.478 
0.994942 0.0791546 -0.0618465 68.6286 -0.0815159 0.995998 -0.036636 -7.05888 0.0586991 0.0414921 0.997413 191.305 
0.994611 0.0826127 -0.0626379 68.5731 -0.0850243 0.995697 -0.0368612 -7.09947 0.0593231 0.0419883 0.997355 192.131 
