0.999999940 -0.000000000 0.000000002 -0.000000000 -0.000000000 1.000000119 0.000000000 0.000000000 0.000000002 0.000000000 0.999999940 -0.000000030
0.999038339 -0.000376388 0.043842234 0.044004027 0.000487085 0.999996781 -0.002514235 -0.019912239 -0.043841146 0.002533172 0.999035239 1.017778873
0.996014237 -0.004546237 0.089079618 0.133899927 0.005234321 0.999958277 -0.007492277 -0.038768530 -0.089041837 0.007928684 0.995996237 2.023999453
0.990881324 -0.003979262 0.134678900 0.270471573 0.005570416 0.999919176 -0.011439659 -0.063111722 -0.134622484 0.012085561 0.990823209 3.035063505
0.983544469 -0.001783549 0.180657044 0.449361950 0.004346931 0.999895453 -0.013794301 -0.088615850 -0.180613562 0.014352611 0.983449399 4.038577080
0.973995209 -0.004181237 0.226529941 0.677302718 0.007500015 0.999876738 -0.013791802 -0.121029593 -0.226444378 0.015132127 0.973906517 5.026690006
0.962343514 -0.004697199 0.271795660 0.953339696 0.009116767 0.999845862 -0.015000190 -0.152554676 -0.271683335 0.016913228 0.962238014 6.006447315
0.948835433 -0.007105276 0.315690696 1.268847466 0.013325839 0.999757111 -0.017550340 -0.186458662 -0.315489322 0.020859228 0.948699772 6.958985329
0.933668196 -0.008699612 0.358033299 1.630332708 0.016718386 0.999673784 -0.019307284 -0.216843247 -0.357748479 0.024012337 0.933509052 7.891890526
0.916292489 -0.008482382 0.400419772 2.032683372 0.018006582 0.999637187 -0.020028951 -0.250394344 -0.400104642 0.025562569 0.916112900 8.830613136
0.896676779 -0.009167568 0.442590803 2.475615263 0.019453451 0.999635756 -0.018706281 -0.283039838 -0.442258120 0.025383407 0.896528542 9.734543800
0.874743342 -0.009040673 0.484502017 2.966485739 0.020222900 0.999635994 -0.017858475 -0.319017768 -0.484164208 0.025419617 0.874607742 10.613111496
0.850820839 -0.009110862 0.525376856 3.497980118 0.021027150 0.999639153 -0.016717084 -0.353400826 -0.525034964 0.025270419 0.850705385 11.476750374
0.825157940 -0.009544367 0.564821601 4.066675186 0.023110634 0.999590576 -0.016871635 -0.383122861 -0.564429224 0.026975142 0.825040698 12.306011200
0.798004270 -0.011143570 0.602548599 4.676141739 0.026288414 0.999521196 -0.016330693 -0.418914527 -0.602078140 0.028872011 0.797915101 13.102888107
0.769143045 -0.010083930 0.638997018 5.305017471 0.027050592 0.999493122 -0.016787177 -0.454250842 -0.638503790 0.030196995 0.769025981 13.863863945
0.738558769 -0.012987182 0.674063981 5.971435070 0.031856123 0.999369979 -0.015649287 -0.478326857 -0.673436046 0.033030987 0.738507211 14.581851959
0.706408143 -0.012637047 0.707691908 6.668045998 0.032517906 0.999364316 -0.014613564 -0.518422186 -0.707057357 0.033335794 0.706369996 15.271993637
0.672383308 -0.011585308 0.740112245 7.391991138 0.033999987 0.999305725 -0.015246022 -0.551548779 -0.739421785 0.035414986 0.672310472 15.926637650
0.636561215 -0.012742460 0.771120787 8.158502579 0.038511746 0.999141276 -0.015281095 -0.578674674 -0.770263791 0.039424561 0.636505425 16.558885574
0.599640012 -0.011110576 0.800192654 8.947922707 0.038647171 0.999139011 -0.015088088 -0.609657586 -0.799336135 0.039972603 0.599553108 17.146320343
0.561791897 -0.010016332 0.827217937 9.772427559 0.041854557 0.998990297 -0.016328629 -0.639340639 -0.826219082 0.043796137 0.561643958 17.695045471
0.522555828 -0.008293465 0.852564692 10.606766701 0.046537202 0.998739362 -0.018808277 -0.666005373 -0.851334095 0.049504340 0.522283137 18.202466965
0.483178765 -0.007250071 0.875491560 11.456211090 0.048027016 0.998679578 -0.018235629 -0.691484690 -0.874203384 0.050858323 0.482889086 18.661653519
0.443954766 -0.008973367 0.896004200 12.331546783 0.053438354 0.998435199 -0.016478596 -0.717634797 -0.894454300 0.055196755 0.443739563 19.080528259
0.405992687 -0.009519257 0.913826644 13.247148514 0.057546847 0.998227656 -0.015168328 -0.742447734 -0.912062585 0.058746081 0.405820966 19.474258423
0.369113445 -0.006866299 0.929358959 14.168865204 0.059369754 0.998104453 -0.016205672 -0.758086920 -0.927486062 0.061157539 0.368821383 19.828504562
0.334877342 -0.007518149 0.942231655 15.110393524 0.059527446 0.998139501 -0.013192335 -0.782673359 -0.940379560 0.060506463 0.334701836 20.159978867
0.300329208 -0.009036372 0.953792870 16.071220398 0.061958309 0.998028040 -0.010053896 -0.799273908 -0.951821148 0.062114861 0.300296873 20.448917389
0.267184377 -0.008992982 0.963603377 17.054485321 0.062809967 0.997992635 -0.008101786 -0.821837485 -0.961596310 0.062688559 0.267212898 20.713504791
0.234223351 -0.005765692 0.972165644 18.061496735 0.060138881 0.998153329 -0.008569411 -0.838865340 -0.970320880 0.060472105 0.234137550 20.954517365
0.202733502 -0.004119296 0.979225218 19.069553375 0.060044453 0.998161912 -0.008232326 -0.851506650 -0.977391303 0.060466014 0.202608213 21.162206650
0.172018617 -0.004031164 0.985085428 20.077217102 0.062022261 0.998051941 -0.006746293 -0.873474717 -0.983139277 0.062257726 0.171933532 21.340629578
0.140832067 -0.004337068 0.990023971 21.107269287 0.063666649 0.997960210 -0.004684823 -0.889280558 -0.987984300 0.063691288 0.140820935 21.487758636
0.110214286 -0.004745738 0.993896663 22.157604218 0.062831879 0.998021722 -0.002202061 -0.899141788 -0.991919816 0.062691085 0.110294439 21.607477188
0.080738053 -0.005021325 0.996722698 23.227857590 0.063269131 0.997996509 -0.000097279 -0.910594165 -0.994725227 0.063069619 0.080893956 21.690990448
0.053209648 -0.004693389 0.998572290 24.306165695 0.066095516 0.997812629 0.001167871 -0.916356802 -0.996393561 0.065939017 0.053403482 21.746469498
0.027782960 -0.004011274 0.999605834 25.397499084 0.070167601 0.997533023 0.002052724 -0.919500351 -0.997148216 0.070082910 0.027995884 21.768880844
0.005112690 -0.003375468 0.999981225 26.503658295 0.074452974 0.997220039 0.002985485 -0.923198700 -0.997211277 0.074436314 0.005349789 21.764095306
-0.015582135 -0.003376562 0.999872863 27.632778168 0.080167480 0.996770680 0.004615425 -0.923726737 -0.996659517 0.080229186 -0.015261127 21.743270874
-0.033448674 -0.003913758 0.999432743 28.779573441 0.084407367 0.996408641 0.006726831 -0.920895576 -0.995869696 0.084584467 -0.032998201 21.692720413
-0.048970118 -0.003663789 0.998793483 29.941328049 0.087587178 0.996125162 0.007948336 -0.917406261 -0.994952559 0.087870732 -0.048459463 21.627363205
-0.063481204 -0.004277797 0.997973979 31.091182709 0.089654736 0.995922923 0.009971952 -0.918391943 -0.993947685 0.090106085 -0.062838875 21.549737930
-0.076580778 -0.005170663 0.997049928 32.261104584 0.090034008 0.995865464 0.012079799 -0.916203201 -0.992990017 0.090693489 -0.075798638 21.450540543
-0.088817291 -0.005189962 0.996034443 33.422740936 0.089731529 0.995878637 0.013190594 -0.913821101 -0.991997838 0.090547256 -0.087985538 21.347629547
-0.100185707 -0.002467442 0.994965672 34.610622406 0.089541301 0.995916843 0.011485950 -0.908419490 -0.990931451 0.090241261 -0.099555701 21.226501465
-0.110533386 0.000829440 0.993872046 35.810764313 0.090122648 0.995888233 0.009191862 -0.907579303 -0.989777923 0.090586409 -0.110153645 21.094203949
-0.119566418 0.003467894 0.992820144 37.017601013 0.091059230 0.995817363 0.007487998 -0.897987247 -0.988641441 0.091300756 -0.119382091 20.945846558
-0.127447143 0.004586210 0.991834760 38.257656097 0.090642229 0.995858610 0.007042381 -0.891880512 -0.987694860 0.090799652 -0.127335042 20.798688889
-0.133857280 0.005201281 0.990986943 39.513984680 0.090174727 0.995901704 0.006953251 -0.887250543 -0.986889303 0.090292729 -0.133777738 20.636428833
-0.138980418 0.007033881 0.990270078 40.789207458 0.091276392 0.995809078 0.005737050 -0.879579604 -0.986079574 0.091185607 -0.139040008 20.460128784
-0.144104853 0.008687474 0.989524245 42.089656830 0.090289474 0.995905757 0.004405395 -0.872197151 -0.985434711 0.089978449 -0.144299284 20.276838303
-0.148661375 0.009706023 0.988840520 43.408058167 0.090673409 0.995873392 0.003856705 -0.868696928 -0.984722376 0.090234883 -0.148927957 20.076045990
-0.152419463 0.008762935 0.988276958 44.754516602 0.090704821 0.995864451 0.005158963 -0.866693497 -0.984144807 0.090427808 -0.152583957 19.867906570
-0.155089363 0.006675429 0.987877727 46.137176514 0.091601200 0.995766401 0.007651960 -0.867539644 -0.983644605 0.091677539 -0.155044198 19.659549713
-0.159974605 0.005702776 0.987104595 47.528244019 0.091635205 0.995751083 0.009098084 -0.861661077 -0.982858598 0.091908991 -0.159817457 19.412698746
-0.163150787 0.006702704 0.986578345 48.929759979 0.093483932 0.995582759 0.008695593 -0.843200088 -0.982162178 0.093647920 -0.163056731 19.189027786
-0.164708793 0.006295029 0.986322165 50.345550537 0.092690617 0.995653152 0.009124095 -0.833679557 -0.981977284 0.092925645 -0.164576307 18.963821411
-0.166919917 0.007603619 0.985941052 51.793395996 0.093817994 0.995555520 0.008205634 -0.816911399 -0.981496692 0.093868718 -0.166891456 18.718753815
-0.168210313 0.007414194 0.985723197 53.249454498 0.092764810 0.995653093 0.008341117 -0.810428977 -0.981376529 0.092843495 -0.168166906 18.475856781
-0.168314531 0.009092633 0.985691249 54.737434387 0.092692070 0.995672643 0.006643192 -0.804426193 -0.981365561 0.092483908 -0.168429017 18.222085953
-0.168496907 0.009070192 0.985660434 56.233089447 0.092610426 0.995680094 0.006669193 -0.791172147 -0.981341958 0.092406139 -0.168609023 17.967945099
-0.166795090 0.007750237 0.985961139 57.763553619 0.092661135 0.995666683 0.007848958 -0.794691324 -0.981627822 0.092669420 -0.166790485 17.699291229
-0.172171727 0.008431193 0.985030770 59.231643677 0.092634968 0.995670617 0.007669237 -0.794449687 -0.980701506 0.092568733 -0.172207355 17.446792603
-0.169895962 0.009342884 0.985417724 60.816028595 0.092274770 0.995712578 0.006468615 -0.777481437 -0.981132329 0.092028178 -0.170029685 17.178483963
-0.171124548 0.009793303 0.985200644 62.377700806 0.092698984 0.995675027 0.006203943 -0.770222306 -0.980878770 0.092388757 -0.171292245 16.911056519
-0.170374706 0.009630479 0.985332370 64.004615784 0.092415310 0.995700896 0.006247796 -0.762809396 -0.981036067 0.092124254 -0.170532271 16.626239777
-0.169430584 0.008513163 0.985505342 65.626930237 0.094399400 0.995505154 0.007629840 -0.752044857 -0.981010735 0.094323844 -0.169472665 16.342319489
-0.169148847 0.006347367 0.985570073 67.244903564 0.094965003 0.995431542 0.009887521 -0.742493749 -0.981004715 0.095267110 -0.168978855 16.061811447
-0.168221310 0.007347303 0.985721827 68.930038452 0.096673883 0.995274782 0.009079661 -0.734516561 -0.980997324 0.096820951 -0.168136716 15.760413170
-0.168190256 0.008308676 0.985719442 70.637794495 0.098146953 0.995136857 0.008358453 -0.737216532 -0.980856299 0.098151170 -0.168187782 15.486084938
-0.167872444 0.008377442 0.985773027 72.333175659 0.097299889 0.995222092 0.008111959 -0.721806347 -0.980995178 0.097277381 -0.167885453 15.211169243
-0.167806804 0.008567135 0.985782683 74.079139709 0.098055564 0.995148599 0.008043177 -0.716892600 -0.980931163 0.098011196 -0.167832762 14.900134087
-0.166946933 0.007484351 0.985937417 75.783775330 0.097101510 0.995234787 0.008887085 -0.703696489 -0.981172740 0.097219683 -0.166878104 14.620771408
-0.166687354 0.007708569 0.985979617 77.503479004 0.098244525 0.995123148 0.008828927 -0.697913706 -0.981103122 0.098338768 -0.166631758 14.343591690
-0.165769517 0.007434945 0.986136496 79.245803833 0.098668754 0.995078921 0.009083854 -0.689114094 -0.981216073 0.098806694 -0.165687352 14.058285713
-0.165431574 0.008466365 0.986184835 81.025207520 0.098982051 0.995056570 0.008061619 -0.677092910 -0.981241524 0.098948255 -0.165451810 13.777960777
-0.165387526 0.008684094 0.986190379 82.764427185 0.098216400 0.995135248 0.007708371 -0.678332448 -0.981325865 0.098134935 -0.165435910 13.488064766
-0.166119769 0.009378154 0.986060977 84.562515259 0.097029723 0.995257735 0.006880784 -0.675512016 -0.981320202 0.096820258 -0.166241914 13.181223869
-0.166969180 0.009975521 0.985911608 86.359748840 0.096589148 0.995304525 0.006287304 -0.677645802 -0.981219471 0.096278131 -0.167148665 12.887912750
-0.167859331 0.009425880 0.985765815 88.181533813 0.095386490 0.995417714 0.006724546 -0.666428566 -0.981185317 0.095157526 -0.167989254 12.586910248
-0.168657199 0.008839020 0.985635102 90.015327454 0.094889775 0.995461106 0.007309947 -0.665917218 -0.981096625 0.094759561 -0.168730363 12.278857231
-0.168503746 0.007958733 0.985668838 91.855560303 0.093197569 0.995616317 0.007893411 -0.664306402 -0.981285155 0.093191996 -0.168506771 11.972760201
-0.169413120 0.008884594 0.985504985 93.732223511 0.092290536 0.995708346 0.006888612 -0.650309026 -0.981214345 0.092119806 -0.169505998 11.645850182
-0.172072887 0.009686364 0.985036492 95.602233887 0.091394670 0.995795667 0.006173276 -0.649422526 -0.980835319 0.091089346 -0.172234669 11.321681976
-0.175414473 0.010754420 0.984436095 97.476921082 0.091970637 0.995746493 0.005510062 -0.648382366 -0.980189323 0.091505736 -0.175657451 10.992565155
-0.179750741 0.009576831 0.983665466 99.365737915 0.089760683 0.995940745 0.006706133 -0.660966516 -0.979608357 0.089499921 -0.179880694 10.679553986
-0.183654144 0.008935586 0.982950389 101.264335632 0.087717101 0.996118546 0.007333746 -0.657516062 -0.979069352 0.087568432 -0.183725059 10.329132080
-0.187208980 0.009845227 0.982270718 103.180381775 0.085904442 0.996282995 0.006386685 -0.656160235 -0.978556812 0.085577078 -0.187358826 9.971138000
-0.191592976 0.011841454 0.981402993 105.091346741 0.086082809 0.996276498 0.004784478 -0.659579515 -0.977692008 0.085398607 -0.191898927 9.613887787
-0.194633961 0.014049798 0.980775297 107.008934021 0.085342363 0.996348143 0.002663233 -0.662702680 -0.977156222 0.084220029 -0.195122242 9.217903137
-0.198061466 0.013894413 0.980091035 108.956604004 0.084073476 0.996455491 0.002863565 -0.682498574 -0.976577342 0.082966827 -0.198527589 8.817409515
-0.201445177 0.013721853 0.979403675 110.886520386 0.081000678 0.996710360 0.002696016 -0.686674535 -0.976144731 0.079875469 -0.201894000 8.431919098
-0.203636363 0.013062753 0.978959501 112.796241760 0.078557350 0.996904969 0.003038754 -0.698903501 -0.975889862 0.077523269 -0.204032347 8.034015656
-0.201220691 0.011308208 0.979480624 114.711776733 0.076365955 0.997071147 0.004177037 -0.705949187 -0.976564586 0.075639494 -0.201494902 7.643732071
-0.194297060 0.007892798 0.980910957 116.499931335 0.072885126 0.997319758 0.006412127 -0.713449180 -0.978231251 0.072739691 -0.194351569 7.279556274
-0.196994826 0.008213464 0.980370164 118.462753296 0.073656112 0.997262895 0.006445414 -0.731097758 -0.977633774 0.073479958 -0.197060615 6.858142853
-0.189347580 0.006519859 0.981888592 120.073890686 0.066756055 0.997749805 0.006248071 -0.643036366 -0.979638219 0.066730045 -0.189356774 6.814228058
-0.195559591 0.005497103 0.980676353 121.699775696 0.066571020 0.997752130 0.007682309 -0.705317140 -0.978429615 0.066786990 -0.195485994 6.726009369
-0.201102540 0.004294008 0.979560792 123.329673767 0.064627863 0.997869790 0.008893747 -0.748594165 -0.977435887 0.065095469 -0.200951651 6.665554047
-0.208629951 0.005593549 0.977978468 125.324897766 0.065255150 0.997834742 0.008213615 -0.743313789 -0.975815177 0.065531760 -0.208543241 6.292589188
-0.220199436 0.006136017 0.975435495 127.433601379 0.062458672 0.998016834 0.007821647 -0.702393234 -0.973453283 0.062646732 -0.220145926 5.803256989
-0.223731756 0.005429583 0.974635601 129.492660522 0.064048752 0.997904897 0.009143451 -0.699076295 -0.972544014 0.064469859 -0.223610759 5.334417343
-0.241097093 0.005403918 0.970485866 131.643157959 0.066196002 0.997747421 0.010889309 -0.696217656 -0.968240798 0.066867672 -0.240911648 4.763494492
-0.249404639 0.005946076 0.968380988 133.737426758 0.066454269 0.997729003 0.010988885 -0.681616068 -0.966116428 0.067093730 -0.249233350 4.228290558
-0.255941749 0.006166958 0.966672480 135.815505981 0.065849409 0.997768164 0.011069330 -0.675232530 -0.964446723 0.066487916 -0.255776644 3.679500580
-0.263434768 0.006047124 0.964658141 137.913955688 0.064684786 0.997840524 0.011409380 -0.663517118 -0.962506115 0.065404318 -0.263256997 3.114505768
-0.267536879 0.006577295 0.963525176 140.034133911 0.063420266 0.997928500 0.010797424 -0.655491590 -0.961458266 0.063995719 -0.267399818 2.542095184
-0.273471922 0.006825723 0.961855650 142.126296997 0.061409045 0.998058736 0.010376997 -0.653002381 -0.959917724 0.061904445 -0.273360193 1.944705963
-0.280345231 0.005938324 0.959880829 144.153396606 0.059250697 0.998181105 0.011129639 -0.643409729 -0.958068728 0.059993751 -0.280187160 1.355640411
-0.290517122 0.005632113 0.956853151 146.099395752 0.057629257 0.998270392 0.011621334 -0.633196592 -0.955132782 0.058518916 -0.290339291 0.775592804
-0.296109736 0.005343364 0.955138862 148.115753174 0.055902414 0.998367190 0.011745529 -0.622033238 -0.953516483 0.056872539 -0.295924932 0.151199341
-0.299792081 0.004880921 0.953992009 150.134338379 0.053993762 0.998470843 0.011859067 -0.603118658 -0.952475369 0.055064872 -0.299597293 -0.454929352
-0.303966969 0.004377517 0.952672482 152.222900391 0.053787172 0.998473287 0.012573775 -0.589872479 -0.951162934 0.055063583 -0.303738326 -1.098400116
-0.307312697 0.004418206 0.951598346 154.290893555 0.054432463 0.998433590 0.012942960 -0.581050992 -0.950050473 0.055775374 -0.307071775 -1.764472961
-0.310723633 0.005350842 0.950485349 156.381668091 0.055350676 0.998389065 0.012474203 -0.565755963 -0.948887348 0.056486025 -0.310519248 -2.429420471
-0.314212203 0.006560701 0.949330032 158.481674194 0.055724282 0.998379409 0.011544108 -0.558098316 -0.947715998 0.056528006 -0.314068556 -3.102294922
-0.317471474 0.008081389 0.948233247 160.593490601 0.055609584 0.998401463 0.010109314 -0.548767924 -0.946635842 0.055940278 -0.317413390 -3.800632477
-0.321185410 0.009322713 0.946970403 162.699981689 0.056132477 0.998380959 0.009209697 -0.539887905 -0.945351422 0.056113817 -0.321188599 -4.489574432
-0.324836910 0.010024475 0.945716918 164.786712646 0.055640649 0.998414457 0.008528512 -0.534403086 -0.944131911 0.055390690 -0.324879587 -5.182456970
-0.328526169 0.009727088 0.944444776 166.923522949 0.055270825 0.998431325 0.008942917 -0.532882929 -0.942876220 0.055138234 -0.328548491 -5.906726837
-0.332265854 0.009951198 0.943133175 169.029495239 0.055158846 0.998438001 0.008897729 -0.530996680 -0.941571474 0.054978568 -0.332295686 -6.635951996
-0.336308300 0.010507815 0.941693187 171.174438477 0.056889828 0.998338223 0.009177262 -0.522510529 -0.940032065 0.056659169 -0.336347222 -7.379325867
-0.338511199 0.011467814 0.940892518 173.301788330 0.059837066 0.998164296 0.009362129 -0.519345999 -0.939057887 0.059469424 -0.338575959 -8.154956818
-0.340634406 0.010893999 0.940132618 175.435638428 0.060496710 0.998114645 0.010353644 -0.519425035 -0.938247383 0.060401741 -0.340651214 -8.927566528
-0.343457550 0.009925568 0.939115703 177.591949463 0.059667852 0.998154640 0.011272443 -0.515201449 -0.937270761 0.059906639 -0.343416035 -9.710086823
-0.346518636 0.010926215 0.937979460 179.749801636 0.059067287 0.998201966 0.010193549 -0.505683661 -0.936181545 0.058936141 -0.346540868 -10.480159760
-0.349229008 0.012469580 0.936954439 181.941802979 0.058076922 0.998277128 0.008361183 -0.502385259 -0.935235858 0.057335380 -0.349351525 -11.293422699
-0.351774454 0.014022265 0.935979724 184.084838867 0.057144664 0.998344660 0.006520422 -0.503539085 -0.934338748 0.055779986 -0.351993442 -12.087600708
-0.355148494 0.014623071 0.934695482 186.302291870 0.056017667 0.998413742 0.005664639 -0.508676291 -0.933129907 0.054371249 -0.355404288 -12.911991119
-0.357882857 0.015029553 0.933645546 188.498092651 0.054255281 0.998515964 0.004723186 -0.513159931 -0.932188869 0.052345529 -0.358167201 -13.753593445
-0.361453921 0.015801523 0.932256103 190.680023193 0.054968271 0.998478413 0.004388298 -0.516681850 -0.930768251 0.052830681 -0.361772507 -14.589706421
-0.364482671 0.014573253 0.931096077 192.856170654 0.053934019 0.998529494 0.005484068 -0.518826365 -0.929646969 0.052216601 -0.364732653 -15.432308197
-0.367477655 0.013920883 0.929928124 195.044311523 0.053865891 0.998528063 0.006338255 -0.523881316 -0.928471148 0.052420586 -0.367686540 -16.296623230
-0.370636463 0.013609027 0.928678215 197.216491699 0.053650096 0.998536825 0.006779063 -0.531065464 -0.927227139 0.052336231 -0.370824367 -17.146621704
-0.373632133 0.013014553 0.927485645 199.376800537 0.051806659 0.998633564 0.006857099 -0.533872366 -0.926129043 0.050611950 -0.373795837 -17.982036591
-0.376492113 0.013904321 0.926315427 201.574340820 0.051589850 0.998650491 0.005978106 -0.540567279 -0.924982250 0.050039187 -0.376701325 -18.864723206
-0.380030155 0.014968765 0.924852967 203.809356689 0.052014284 0.998632789 0.005210232 -0.549543023 -0.923510492 0.050085604 -0.380289167 -19.761734009
-0.382474780 0.014513097 0.923851967 206.002975464 0.051657289 0.998648643 0.005698011 -0.567755580 -0.922520697 0.049903031 -0.382707566 -20.662242889
-0.384883791 0.013776119 0.922862232 208.199249268 0.052051332 0.998621285 0.006801221 -0.578730583 -0.921496153 0.050653886 -0.385070115 -21.565792084
-0.387470037 0.013890374 0.921777725 210.428024292 0.054328352 0.998492777 0.007790559 -0.583435535 -0.920280039 0.053097248 -0.387640685 -22.493556976
-0.389908761 0.015139629 0.920728981 212.662918091 0.056389943 0.998380840 0.007463448 -0.586545944 -0.919125319 0.054829914 -0.390131146 -23.438385010
-0.392363995 0.016232107 0.919666767 214.873458862 0.056168746 0.998401165 0.006341914 -0.585465789 -0.918093383 0.054144885 -0.392648399 -24.371669769
-0.394613087 0.016283615 0.918703020 217.069061279 0.055830870 0.998420417 0.006284614 -0.596684813 -0.917149603 0.053771976 -0.394898921 -25.305152893
-0.397364378 0.017112011 0.917501271 219.281250000 0.055177890 0.998462617 0.005275226 -0.608360171 -0.916000426 0.052721977 -0.397697657 -26.250728607
-0.399949968 0.018113028 0.916358054 221.469589233 0.054974489 0.998478711 0.004257698 -0.621670604 -0.914886773 0.052079171 -0.400337219 -27.198604584
-0.402097940 0.017309524 0.915432990 223.692810059 0.051958993 0.998641491 0.003939763 -0.633351386 -0.914121151 0.049149148 -0.402451009 -28.164825439
-0.404374748 0.018411480 0.914407909 225.919464111 0.052861720 0.998596549 0.003270216 -0.647186458 -0.913064420 0.049659587 -0.404780477 -29.156894684
-0.406742096 0.018141177 0.913362861 228.131164551 0.054569513 0.998499930 0.004468929 -0.660329044 -0.911911726 0.051659480 -0.407121897 -30.142585754
-0.409043729 0.017092349 0.912354708 230.326248169 0.055020083 0.998467445 0.005962010 -0.669735551 -0.910854518 0.052636549 -0.409357280 -31.133335114
-0.412016183 0.017086422 0.911016345 232.497070312 0.053856663 0.998532832 0.005629389 -0.671447396 -0.909583449 0.051383711 -0.412331849 -32.088603973
-0.414410114 0.017180325 0.909928083 234.715820312 0.052347191 0.998616517 0.004985714 -0.688157916 -0.908583522 0.049698289 -0.414736032 -33.088150024
-0.417434484 0.016357720 0.908559799 236.914581299 0.050908059 0.998688638 0.005409109 -0.705049515 -0.907280028 0.048510950 -0.417719781 -34.081943512
-0.420322955 0.015822060 0.907236576 239.104187012 0.050006725 0.998732448 0.005750401 -0.712413788 -0.905995488 0.047784962 -0.420581400 -35.085700989
-0.423621178 0.015979139 0.905698478 241.293334961 0.049670897 0.998749912 0.005611673 -0.728115797 -0.904476523 0.047364093 -0.423885375 -36.093433380
-0.427318513 0.015454113 0.903968990 243.467330933 0.049116712 0.998774230 0.006143252 -0.743106484 -0.902765930 0.047025099 -0.427553743 -37.102111816
-0.431211352 0.014468306 0.902134895 245.658691406 0.047887221 0.998829067 0.006870537 -0.756198764 -0.900979161 0.046163384 -0.431399375 -38.120033264
-0.435050547 0.014501095 0.900289297 247.816101074 0.047159534 0.998864949 0.006700221 -0.764275312 -0.899170220 0.045372158 -0.435240448 -39.141258240
-0.438655138 0.015022311 0.898529768 249.981201172 0.047339235 0.998858273 0.006410952 -0.771900058 -0.897407651 0.045347899 -0.438865572 -40.188591003
-0.441778839 0.015843695 0.896984160 252.054351807 0.047570761 0.998851061 0.005786351 -0.781580448 -0.895861804 0.045226499 -0.442025065 -41.209182739
-0.445280880 0.015751282 0.895252347 254.233261108 0.047865637 0.998834372 0.006233696 -0.793782473 -0.894110620 0.045627568 -0.445515752 -42.259658813
-0.448729753 0.015801867 0.893527687 256.363891602 0.046233844 0.998915195 0.005553024 -0.817540884 -0.892470658 0.043803029 -0.448973596 -43.307289124
-0.452379823 0.015722454 0.891686738 258.469940186 0.046639144 0.998893619 0.006048714 -0.837155342 -0.890604973 0.044323843 -0.452612549 -44.355430603
-0.455730021 0.016033957 0.889973521 260.583679199 0.046938673 0.998879433 0.006039924 -0.850010991 -0.888879538 0.044526752 -0.455972135 -45.434974670
-0.458586693 0.017090295 0.888485432 262.720306396 0.048443343 0.998809159 0.005791341 -0.866764903 -0.887328148 0.045697019 -0.458868504 -46.535018921
-0.461858451 0.019117206 0.886747599 264.976043701 0.050544214 0.998710275 0.004794719 -0.867665529 -0.885512233 0.047034409 -0.462229043 -47.700614929
-0.464165956 0.019852081 0.885525584 267.121429443 0.052030813 0.998633564 0.004885212 -0.878160000 -0.884218693 0.048342168 -0.464564621 -48.830566406
-0.466538370 0.022016501 0.884226859 269.255279541 0.053757984 0.998547852 0.003500962 -0.884103954 -0.882865727 0.049167596 -0.467044473 -49.942222595
-0.468852937 0.024365330 0.882940114 271.405029297 0.055216759 0.998472869 0.001767290 -0.888931870 -0.881548643 0.049581673 -0.469482303 -51.080902100
-0.471862465 0.024831779 0.881322384 273.553070068 0.056097124 0.998423517 0.001903381 -0.894446254 -0.879885733 0.050337799 -0.472511560 -52.209213257
-0.474898934 0.025631098 0.879666984 275.694213867 0.055950984 0.998432875 0.001114223 -0.900703907 -0.878259897 0.049747389 -0.475588828 -53.342521667
-0.477450907 0.025998605 0.878273726 277.841094971 0.055483013 0.998459399 0.000605565 -0.905429900 -0.876904905 0.049018376 -0.478157878 -54.502120972
-0.480051428 0.027821042 0.876799107 280.032257080 0.056624021 0.998395383 -0.000677408 -0.905540466 -0.875410914 0.049322702 -0.480856389 -55.704505920
-0.482481271 0.028037945 0.875457406 282.203277588 0.055779722 0.998442411 -0.001235479 -0.916694164 -0.874128342 0.048236672 -0.483293712 -56.902481079
-0.484694719 0.027202787 0.874260247 284.382659912 0.053338498 0.998575509 -0.001499718 -0.932385683 -0.873055756 0.045904819 -0.485455036 -58.097724915
-0.487070352 0.026897579 0.872948408 286.567504883 0.053446643 0.998570204 -0.000947187 -0.941414714 -0.871725798 0.046194807 -0.487811565 -59.292716980
-0.488569707 0.027100358 0.872103870 288.749786377 0.054798186 0.998497367 -0.000328979 -0.950816274 -0.870802283 0.047628984 -0.489320606 -60.493736267
-0.489616960 0.025860725 0.871554017 290.884796143 0.054220516 0.998528600 0.000831392 -0.979931712 -0.870250165 0.047663160 -0.490298778 -61.626823425
-0.491482645 0.025222152 0.870522082 293.006988525 0.053778172 0.998551846 0.001430644 -1.003260851 -0.869225383 0.047518220 -0.492127329 -62.688880920
-0.491400182 0.025332134 0.870565414 295.229217529 0.054474037 0.998513758 0.001693236 -1.005074263 -0.869228661 0.048255276 -0.492049813 -63.947273254
-0.493171632 0.025207188 0.869566679 297.431457520 0.055083934 0.998479068 0.002296535 -1.012065411 -0.868186355 0.049031738 -0.493810117 -65.179977417
-0.494295895 0.025410751 0.868922234 299.655578613 0.055537902 0.998453736 0.002394584 -1.019422531 -0.867517769 0.049441747 -0.494942844 -66.427757263
-0.494391263 0.025587149 0.868862808 301.830413818 0.054001328 0.998540103 0.001321257 -1.038186550 -0.867560506 0.047572967 -0.495051116 -67.653381348
-0.493704468 0.027685411 0.869188905 304.038330078 0.052973665 0.998594463 -0.001717881 -1.067485690 -0.868014812 0.045195993 -0.494477153 -68.926956177
-0.495854646 0.027097199 0.867982626 306.309783936 0.051602378 0.998666286 -0.001697944 -1.080469131 -0.866870999 0.043948039 -0.496591538 -70.200973511
-0.500103891 0.025534257 0.865588784 308.597930908 0.049558274 0.998771012 -0.000830159 -1.094598055 -0.864546120 0.042481925 -0.500754654 -71.496757507
-0.499628812 0.020664632 0.865993083 310.582153320 0.042362139 0.999102175 0.000599626 -1.077653646 -0.865203023 0.036984921 -0.500055611 -72.592788696
-0.504751265 0.019610288 0.863041997 312.229003906 0.031682570 0.999489248 -0.004181092 -1.082052827 -0.862683237 0.025232969 -0.505114675 -73.516235352
-0.510051370 0.021015035 0.859887123 314.518127441 0.033266339 0.999435484 -0.004693204 -1.120592237 -0.859500349 0.026211517 -0.510462523 -74.834411621
-0.515899479 0.020897266 0.856394172 316.525543213 0.032272249 0.999466896 -0.004947359 -1.142282486 -0.856040955 0.025085427 -0.516298831 -76.023651123
-0.520396173 0.021553485 0.853652835 318.720642090 0.032952044 0.999443710 -0.005146557 -1.176107049 -0.853288889 0.025451371 -0.520816922 -77.350112915
-0.527843237 0.018173426 0.849147379 320.729553223 0.029449079 0.999561489 -0.003086591 -1.197505951 -0.848831117 0.023377372 -0.528147101 -78.558441162
-0.535563409 0.013903243 0.844380379 322.786285400 0.027023751 0.999634504 0.000680702 -1.226718068 -0.844062567 0.023182884 -0.535743475 -79.838241577
-0.542986214 0.006887372 0.839713395 324.772460938 0.020688800 0.999772608 0.005177864 -1.241172075 -0.839486659 0.020184172 -0.543005228 -81.069358826
-0.550154328 0.002788119 0.835058331 326.901977539 0.017910358 0.999803960 0.008461543 -1.250224829 -0.834870875 0.019611355 -0.550096273 -82.438301086
-0.556286037 0.000175096 0.830990791 329.072723389 0.016867416 0.999796271 0.011080806 -1.253409386 -0.830819666 0.020180764 -0.556175649 -83.858985901
-0.559909463 -0.000102445 0.828553736 331.262603760 0.016982779 0.999788463 0.011600020 -1.235248327 -0.828379691 0.020566089 -0.559789300 -85.335624695
-0.564265430 -0.001286466 0.825592399 333.468170166 0.016585795 0.999779284 0.012893754 -1.220893860 -0.825426817 0.020968610 -0.564119577 -86.801498413
-0.567398608 -0.003322856 0.823436558 335.583374023 0.014233658 0.999802947 0.013842434 -1.212536812 -0.823320270 0.019574687 -0.567239404 -88.261901855
-0.571134388 -0.006176114 0.820833325 337.684692383 0.011920393 0.999803901 0.015816912 -1.187886715 -0.820770025 0.018818239 -0.570948720 -89.694564819
-0.573941052 -0.007971505 0.818857729 339.820312500 0.010879703 0.999790192 0.017358491 -1.159585476 -0.818824291 0.018871667 -0.573733866 -91.184295654
-0.576176465 -0.009759833 0.817267001 342.039123535 0.007336071 0.999826670 0.017111929 -1.138960361 -0.817292273 0.015855020 -0.576004982 -92.738540649
-0.577578068 -0.011456547 0.816254914 344.133514404 0.001982907 0.999878883 0.015436892 -1.113012314 -0.816333055 0.010534578 -0.577485502 -94.205711365
-0.578837872 -0.013549019 0.815329969 346.107879639 -0.004664609 0.999900639 0.013304571 -1.091620922 -0.815429151 0.003897979 -0.578843653 -95.596611023
-0.579461396 -0.017181691 0.814818442 348.110839844 -0.009817817 0.999852419 0.014101425 -1.076865673 -0.814940512 0.000171479 -0.579544544 -97.032089233
-0.581206858 -0.019361278 0.813525438 350.168090820 -0.011215512 0.999812603 0.015782081 -1.060711861 -0.813678503 0.000048562 -0.581315100 -98.495025635
-0.583748341 -0.020254070 0.811682105 352.319702148 -0.012830188 0.999794126 0.015720813 -1.048431396 -0.811833262 -0.001237054 -0.583887815 -100.024436951
-0.586245894 -0.023596862 0.809789360 354.426086426 -0.016445529 0.999716341 0.017225528 -1.034364700 -0.809966147 -0.003219014 -0.586467683 -101.512855530
-0.589446187 -0.029386172 0.807272911 356.547943115 -0.020498207 0.999560475 0.021418614 -1.010792255 -0.807547450 -0.003922526 -0.589789510 -103.018882751
-0.592557907 -0.033591457 0.804827154 358.711791992 -0.023869595 0.999423742 0.024139317 -0.978933334 -0.805174053 -0.004906947 -0.593018234 -104.605499268
-0.596315265 -0.034710702 0.801999450 360.905639648 -0.025178522 0.999381840 0.024532314 -0.932911873 -0.802355289 -0.005564158 -0.596820712 -106.215148926
-0.599588871 -0.036115646 0.799492776 363.057739258 -0.027234897 0.999323428 0.024717512 -0.893364906 -0.799844563 -0.006953745 -0.600166738 -107.783599854
-0.603116155 -0.037846815 0.796754956 365.228912354 -0.028312128 0.999260008 0.026034743 -0.859899521 -0.797150791 -0.006855866 -0.603741407 -109.394386292
-0.605851233 -0.038541578 0.794643760 367.431457520 -0.028560311 0.999235749 0.026689718 -0.821329117 -0.795065165 -0.006525274 -0.606488883 -111.051734924
-0.608992815 -0.040481560 0.792141914 369.572021484 -0.031984478 0.999137759 0.026470434 -0.787140846 -0.792530537 -0.009215942 -0.609762549 -112.651794434
-0.611572623 -0.044942878 0.789910734 371.689239502 -0.043282218 0.998790741 0.023316948 -0.750328064 -0.790003419 -0.019929092 -0.612778366 -114.238494873
-0.614493728 -0.043328155 0.787730932 373.848754883 -0.051924344 0.998546958 0.014418641 -0.720812798 -0.787211061 -0.032042250 -0.615850627 -115.872344971
-0.617801845 -0.033405066 0.785623908 375.968383789 -0.041883744 0.999076903 0.009544483 -0.715882778 -0.785217404 -0.027008273 -0.618630767 -117.518447876
-0.618979335 -0.032451894 0.784736395 378.105072021 -0.034936719 0.999294698 0.013767548 -0.711817741 -0.784629822 -0.018894287 -0.619676471 -119.186271667
-0.621322632 -0.041792553 0.782439470 380.245849609 -0.035809610 0.999047875 0.024926439 -0.682696342 -0.782736063 -0.012531491 -0.622227550 -120.868659973
-0.624924839 -0.053298716 0.778863251 382.409698486 -0.042383611 0.998511732 0.034322865 -0.621781349 -0.779533565 -0.011561833 -0.626253664 -122.574813843
-0.629406035 -0.061196614 0.774663091 384.471130371 -0.049473803 0.998027682 0.038644906 -0.545635223 -0.775500059 -0.014002188 -0.631192267 -124.216384888
-0.636118531 -0.064889669 0.768857837 386.493286133 -0.051838797 0.997800171 0.041322723 -0.471545219 -0.769847929 -0.013570515 -0.638083041 -125.851997375
-0.640844464 -0.060232427 0.765304089 388.556549072 -0.046433169 0.998133123 0.039675139 -0.398212433 -0.766265213 -0.010109900 -0.642444789 -127.584045410
-0.647857964 -0.055515606 0.759735465 390.610534668 -0.041944388 0.998427510 0.037189666 -0.331316948 -0.760605395 -0.007773006 -0.649167836 -129.359405518
-0.656419635 -0.055024952 0.752386510 392.619323730 -0.042165324 0.998453438 0.036233652 -0.259935379 -0.753216624 -0.007940138 -0.657724619 -131.078948975
-0.663328409 -0.056333445 0.746205032 394.612762451 -0.043321457 0.998380899 0.036861036 -0.185203552 -0.747073412 -0.007875721 -0.664694786 -132.810150146
-0.668974519 -0.058719210 0.740962207 396.566436768 -0.043963559 0.998255312 0.039416656 -0.114315987 -0.741984010 -0.006206599 -0.670388699 -134.549011230
-0.672150314 -0.059141573 0.738048851 398.563476562 -0.043256707 0.998238862 0.040596761 -0.030233383 -0.739149928 -0.004638447 -0.673524797 -136.355575562
-0.675430119 -0.058939170 0.735064805 400.559478760 -0.042900238 0.998253167 0.040622406 0.051719666 -0.736175001 -0.004096859 -0.676778734 -138.181900024
-0.677236676 -0.059035603 0.733392954 402.532775879 -0.042944063 0.998248041 0.040699717 0.126799583 -0.734510899 -0.003931542 -0.678585410 -139.995300293
-0.678560257 -0.059320658 0.732145488 404.499237061 -0.043264728 0.998230934 0.040781513 0.204607964 -0.733269513 -0.004003355 -0.679926336 -141.809112549
-0.679378450 -0.058962870 0.731415331 406.489593506 -0.041402705 0.998258650 0.042017315 0.285118103 -0.732619107 -0.001736908 -0.680636525 -143.663055420
-0.680811703 -0.059108339 0.730069518 408.430023193 -0.039233755 0.998250544 0.044234321 0.370935440 -0.731406868 0.001471863 -0.681939721 -145.514038086
-0.682080805 -0.059421908 0.728858471 410.379760742 -0.037812542 0.998225689 0.045996942 0.462833405 -0.730298400 0.003813639 -0.683117509 -147.344268799
-0.683034122 -0.059309557 0.727974296 412.327606201 -0.039232749 0.998237967 0.044517703 0.551082611 -0.729332089 0.001846672 -0.684157372 -149.134750366
-0.684644461 -0.059745751 0.726424396 414.294525146 -0.043773986 0.998206198 0.040842470 0.634436607 -0.727561593 -0.003835938 -0.686031580 -150.944824219
-0.685800970 -0.060232814 0.725292385 416.290222168 -0.046678174 0.998157859 0.038756687 0.714333534 -0.726290643 -0.007275938 -0.687349200 -152.818893433
-0.686893225 -0.060762517 0.724213660 418.263275146 -0.047193885 0.998124778 0.038982157 0.792457581 -0.725224376 -0.007401881 -0.688472748 -154.688201904
-0.687627971 -0.062286437 0.723386586 420.235015869 -0.049708322 0.998014331 0.038681846 0.862743378 -0.724359632 -0.009359606 -0.689358652 -156.522308350
-0.688244343 -0.063108757 0.722728908 422.226989746 -0.052735399 0.997925818 0.036919829 0.936259270 -0.723559618 -0.012703529 -0.690144777 -158.393981934
-0.687758386 -0.063761629 0.723133862 424.168853760 -0.054506775 0.997859001 0.036144912 1.008843422 -0.723890364 -0.014556726 -0.689761341 -160.239456177
-0.687695563 -0.064402416 0.723137021 426.124511719 -0.053565640 0.997843742 0.037927415 1.075097084 -0.724020302 -0.012652777 -0.689662397 -162.093460083
-0.687347472 -0.066223674 0.723303437 427.917846680 -0.051804554 0.997768581 0.042123623 1.153863907 -0.724479020 -0.008516854 -0.689244211 -163.828369141
-0.686301827 -0.066022828 0.724314034 429.650665283 -0.047551706 0.997813940 0.045896746 1.218416214 -0.725760698 -0.002943358 -0.687940896 -165.464187622
-0.684043765 -0.065369293 0.726506054 431.790771484 -0.042920221 0.997857690 0.049373243 1.321479797 -0.728177190 0.002591660 -0.685384035 -167.501312256
-0.681990683 -0.067985676 0.728194058 434.207672119 -0.048610840 0.997682035 0.047619108 1.438346863 -0.729743540 -0.002922340 -0.683714688 -169.773468018
-0.678609014 -0.067051195 0.731432676 436.230377197 -0.055682350 0.997655153 0.039795086 1.512487411 -0.732385933 -0.013722588 -0.680751383 -171.610504150
-0.670631289 -0.064720429 0.738961995 438.331878662 -0.061382674 0.997611880 0.031667013 1.581629753 -0.739246726 -0.024122568 -0.673002481 -173.515289307
-0.680506110 -0.083432160 0.727976978 434.528442383 -0.078161664 0.996093273 0.041095722 1.472112656 -0.728561699 -0.028933998 -0.684368730 -170.196441650
-0.658648729 -0.050533872 0.750751615 444.514038086 -0.055492058 0.998287499 0.018511523 1.645671844 -0.750401497 -0.029468160 -0.660324931 -178.862854004
-0.640478253 -0.041536033 0.766852200 447.798797607 -0.056021553 0.998402894 0.007288371 1.688242197 -0.765930295 -0.038292203 -0.641782343 -181.648773193
-0.638441682 -0.057243362 0.767538548 449.258972168 -0.065325379 0.997662127 0.020068169 1.808573723 -0.766892850 -0.037327386 -0.640688658 -182.865509033
-0.630969584 -0.056480635 0.773748815 451.612762451 -0.075354591 0.997092366 0.011334393 1.800001621 -0.772139430 -0.051153857 -0.633390963 -184.865585327
-0.646818101 -0.074252456 0.759020925 451.518981934 -0.088610701 0.995825469 0.021906482 1.829711914 -0.757479012 -0.053087864 -0.650697529 -184.885284424
-0.652418137 -0.074205205 0.754217505 456.275634766 -0.090948686 0.995668769 0.019287843 1.833382607 -0.752382100 -0.056011356 -0.656341255 -188.889022827
-0.649163306 -0.014116327 0.760517895 462.046356201 0.015577490 0.999371529 0.031846434 1.759034157 -0.760489404 0.032520507 -0.648535430 -193.950225830
-0.644924283 -0.090100534 0.758916616 469.986145020 -0.094410278 0.994812548 0.037877224 2.189287186 -0.758392513 -0.047221616 -0.650085211 -200.540405273
-0.639282823 -0.113476738 0.760552764 473.734222412 -0.126063302 0.991136193 0.041917946 2.338619232 -0.758567989 -0.069080353 -0.647921622 -202.990295410
-0.640807807 -0.101199083 0.761002004 472.994598389 -0.106375985 0.993415952 0.042531054 2.248813629 -0.760295630 -0.053698108 -0.647353828 -201.876312256
-0.669195831 -0.006777162 0.743055165 459.744232178 -0.085572973 0.994008660 -0.068001032 1.195957184 -0.738142371 -0.109091453 -0.665766358 -191.942398071
-0.691759348 0.007881857 0.722085118 456.052917480 -0.125289664 0.983465135 -0.130762756 1.346508026 -0.711176157 -0.180926159 -0.679333568 -188.935363770
-0.715954244 -0.022549568 0.697782934 453.488861084 -0.141517371 0.983416498 -0.113422565 0.816177368 -0.683653712 -0.179953754 -0.707272351 -187.023010254
