0.998918 0.00769393 0.0458724 -0.0839894 -0.00720429 0.999915 -0.0108298 0.156491 -0.0459518 0.0104876 0.998889 1.05318 
0.995019 0.000191607 0.0996865 -0.29127 0.00164493 0.99983 -0.0183406 0.236958 -0.0996731 0.0184132 0.99485 1.73671 
0.988991 0.00056836 0.147976 -0.272008 0.00358259 0.999608 -0.0277834 0.344358 -0.147934 0.0280077 0.988601 2.84668 
0.980107 0.00356399 0.19844 -0.280895 0.00455249 0.999172 -0.0404301 0.620594 -0.19842 0.0405292 0.979279 3.99442 
0.968482 0.012085 0.248789 -0.254441 0.000738135 0.998679 -0.0513845 0.740884 -0.249081 0.0499486 0.967194 5.05584 
0.968482 0.012085 0.248789 -0.254441 0.000738135 0.998679 -0.0513845 0.740884 -0.249081 0.0499486 0.967194 5.05584 
0.968482 0.012085 0.248789 -0.254441 0.000738135 0.998679 -0.0513845 0.740884 -0.249081 0.0499486 0.967194 5.05584 
0.955754 0.0102114 0.293991 -0.0361954 0.00594762 0.998522 -0.0540178 0.711018 -0.294108 0.0533762 0.95428 6.03161 
0.936636 0.0113178 0.350122 -0.0966425 0.0103071 0.998155 -0.0598388 0.779513 -0.350153 0.0596559 0.934791 7.2713 
0.919475 0.0157418 0.392833 0.25685 0.00860507 0.998153 -0.0601397 0.710811 -0.393054 0.0586773 0.917641 8.2185 
0.899266 0.0186062 0.437006 0.635164 0.0108775 0.997835 -0.0648678 0.733848 -0.437267 0.0630869 0.897116 9.1531 
0.899266 0.0186062 0.437006 0.635164 0.0108775 0.997835 -0.0648678 0.733848 -0.437267 0.0630869 0.897116 9.1531 
0.882689 0.0209706 0.46949 0.860823 0.000160673 0.99899 -0.0449237 0.329193 -0.469958 0.0397291 0.881794 7.36424 
0.882689 0.0209706 0.46949 0.860823 0.000160673 0.99899 -0.0449237 0.329193 -0.469958 0.0397291 0.881794 7.36424 
0.880773 -0.0750453 0.467553 1.04749 0.0886496 0.996037 -0.00712706 0.541241 -0.465166 0.0477258 0.883936 7.55168 
0.8838 -0.125198 0.450802 1.12049 0.130165 0.991288 0.0201144 0.529554 -0.449393 0.0409013 0.892397 7.22902 
0.875533 -0.12902 0.465613 0.920268 0.134154 0.99071 0.0222617 0.457034 -0.46416 0.042973 0.884708 6.91872 
0.862963 -0.161432 0.478785 0.300776 0.170331 0.985066 0.0251303 0.0912046 -0.475692 0.0598654 0.877573 4.89474 
0.835438 -0.161674 0.525266 0.400958 0.173895 0.98441 0.0264164 0.000935627 -0.521348 0.0692716 0.850528 5.68796 
0.814906 -0.162373 0.556384 1.18831 0.17847 0.983611 0.0256585 0.195038 -0.551431 0.0783883 0.830529 6.06112 
0.787728 -0.165917 0.593259 1.76373 0.18912 0.981674 0.023433 0.332286 -0.586275 0.0937381 0.80467 6.91621 
0.752189 -0.163317 0.638387 1.89776 0.194538 0.980656 0.0216618 0.292174 -0.629576 0.107897 0.76941 7.69768 
0.721263 -0.159669 0.674007 2.53046 0.197415 0.980097 0.0209247 0.319369 -0.663933 0.117967 0.738429 8.54317 
0.68949 -0.156944 0.707087 3.25983 0.199282 0.979669 0.0231225 0.308249 -0.696341 0.124967 0.706748 9.43786 
0.658997 -0.154681 0.736069 4.01412 0.201964 0.979076 0.0249304 0.316344 -0.724523 0.13223 0.676448 10.208 
0.629563 -0.151994 0.761937 4.73261 0.20831 0.977794 0.0229339 0.427993 -0.748503 0.144281 0.647245 10.9062 
0.600466 -0.146537 0.786109 5.47292 0.208488 0.977754 0.0230088 0.452661 -0.771993 0.150079 0.617659 11.6023 
0.571306 -0.142738 0.80823 6.3277 0.209277 0.977544 0.0247107 0.480742 -0.793607 0.155026 0.588349 12.3166 
0.543325 -0.135295 0.828549 7.11228 0.210675 0.977321 0.0214375 0.536211 -0.812659 0.162907 0.559506 12.9232 
0.518326 -0.126539 0.84577 8.03809 0.21125 0.977288 0.0167529 0.59012 -0.828681 0.169985 0.533285 13.4963 
0.494616 -0.121427 0.860588 8.93405 0.21332 0.976864 0.0152295 0.635051 -0.842526 0.176048 0.509075 13.9888 
0.470496 -0.118678 0.874385 9.87277 0.216093 0.976238 0.0162251 0.673788 -0.855533 0.181315 0.484962 14.4776 
0.444467 -0.114412 0.888459 10.8314 0.216541 0.976119 0.0173717 0.684097 -0.869229 0.184667 0.458628 14.9988 
0.419411 -0.107516 0.901407 11.8383 0.215776 0.976311 0.0160527 0.719023 -0.881779 0.18777 0.432675 15.4958 
0.396624 -0.103203 0.912162 12.8106 0.215156 0.976433 0.0169213 0.734609 -0.892411 0.189545 0.409481 15.8488 
0.373611 -0.0997047 0.922211 13.8545 0.21537 0.976361 0.0183072 0.73778 -0.902236 0.191777 0.386253 16.2608 
0.350428 -0.0980405 0.931444 14.9284 0.216856 0.975975 0.021142 0.745876 -0.911139 0.194581 0.36327 16.7152 
0.332359 -0.0993348 0.937907 15.9948 0.220411 0.975082 0.0251665 0.814048 -0.917037 0.198361 0.345972 17.0247 
0.314283 -0.100257 0.944021 17.1057 0.220624 0.974895 0.0300861 0.818671 -0.923337 0.198818 0.328512 17.3838 
0.298477 -0.101761 0.948976 18.2237 0.221935 0.974444 0.0346881 0.863907 -0.928255 0.200257 0.313434 17.728 
0.283658 -0.101852 0.953501 19.3852 0.222805 0.974131 0.0377734 0.895779 -0.932682 0.201731 0.299013 18.1131 
0.271202 -0.0993804 0.957378 20.5597 0.219959 0.974734 0.0388729 0.899175 -0.937053 0.200042 0.286209 18.452 
0.26301 -0.0985084 0.959751 21.6917 0.220699 0.97454 0.0395462 0.988265 -0.939211 0.201415 0.278055 18.6771 
0.252611 -0.0952026 0.962873 22.8656 0.21946 0.974849 0.0388109 0.997563 -0.942351 0.201508 0.267151 19.0066 
0.244234 -0.0920308 0.965339 24.0866 0.218533 0.975102 0.0376721 0.977581 -0.944772 0.201757 0.258265 19.2642 
0.236726 -0.0901394 0.967386 25.3556 0.223443 0.974049 0.0360823 1.09187 -0.945534 0.207614 0.250723 19.5457 
0.230062 -0.0884047 0.969152 26.6223 0.224631 0.973797 0.0355043 1.13766 -0.946896 0.209533 0.243892 19.8105 
0.221992 -0.0859339 0.971254 27.9092 0.225532 0.973621 0.0345951 1.17534 -0.948607 0.211369 0.235517 20.1802 
0.214289 -0.0837095 0.973177 29.2255 0.225915 0.973554 0.0339964 1.19923 -0.950285 0.21257 0.227533 20.5724 
0.208318 -0.0834084 0.974498 30.5531 0.228393 0.972959 0.0344531 1.254 -0.951021 0.215391 0.221735 20.9293 
0.204515 -0.0800521 0.975585 31.9224 0.230183 0.972636 0.0315561 1.32096 -0.951414 0.21811 0.217345 21.2393 
0.198713 -0.0785291 0.976907 33.2759 0.231612 0.972313 0.0310474 1.36002 -0.952297 0.220094 0.211399 21.6092 
0.194681 -0.076866 0.97785 34.6666 0.230633 0.972562 0.0305335 1.39565 -0.953367 0.21958 0.207067 21.9644 
0.190565 -0.0752818 0.978784 36.0822 0.228444 0.973083 0.0303662 1.42413 -0.954724 0.217811 0.202633 22.3203 
0.190138 -0.074775 0.978906 37.5056 0.227074 0.973408 0.0302492 1.4595 -0.955136 0.216533 0.202061 22.5876 
0.187956 -0.0770066 0.979154 38.9641 0.228492 0.972998 0.0326616 1.50737 -0.95523 0.21759 0.200476 22.8815 
0.185892 -0.0754718 0.979667 40.4053 0.228258 0.973086 0.0316529 1.54676 -0.95569 0.217733 0.198116 23.2236 
0.186707 -0.0767615 0.979412 41.8753 0.230519 0.972532 0.0322781 1.6259 -0.954988 0.219746 0.199274 23.4824 
0.187656 -0.0753443 0.979341 43.3227 0.228387 0.973074 0.0311 1.63398 -0.955314 0.217833 0.19981 23.7653 
0.189358 -0.0751178 0.979031 44.8478 0.229152 0.972918 0.0303277 1.67107 -0.954795 0.218604 0.201443 24.0459 
0.190353 -0.0760085 0.978769 46.3662 0.229016 0.972928 0.0310156 1.70569 -0.95463 0.21825 0.202607 24.3715 
0.194748 -0.0750035 0.977981 47.8919 0.228707 0.973061 0.0290832 1.78125 -0.953817 0.218007 0.206655 24.6384 
0.195384 -0.0765575 0.977734 49.4669 0.230257 0.972663 0.0301472 1.82924 -0.953313 0.21924 0.207671 24.9863 
0.196915 -0.0755746 0.977503 51.0355 0.231693 0.972371 0.0285039 1.90039 -0.95265 0.220868 0.208984 25.3385 
0.197905 -0.0766755 0.977218 52.6381 0.233371 0.971955 0.0290006 1.96508 -0.952036 0.222315 0.210249 25.6919 
0.198642 -0.0762051 0.977105 54.284 0.234092 0.971805 0.0282017 2.02081 -0.951705 0.22313 0.21088 26.055 
0.199536 -0.0781028 0.976773 55.918 0.232534 0.972118 0.0302285 2.05331 -0.9519 0.221101 0.212134 26.4008 
0.199305 -0.0794811 0.976709 57.5722 0.230155 0.972622 0.0321836 2.09047 -0.952526 0.21838 0.212141 26.7721 
0.197355 -0.0805045 0.977021 59.2113 0.232295 0.972079 0.0331746 2.13759 -0.952413 0.22041 0.210545 27.2035 
0.198555 -0.0823584 0.976623 60.8983 0.235135 0.971364 0.0341103 2.21186 -0.951466 0.222865 0.212234 27.5454 
0.197957 -0.0803753 0.97691 62.5645 0.234281 0.971627 0.032467 2.24859 -0.951801 0.222445 0.21117 27.9518 
0.200473 -0.0805324 0.976384 64.2821 0.235314 0.971399 0.0318062 2.34872 -0.951019 0.223381 0.213689 28.2569 
0.201684 -0.0794562 0.976223 65.9627 0.234226 0.971697 0.0306976 2.39085 -0.951032 0.222466 0.214586 28.6344 
0.202467 -0.0808594 0.975945 67.709 0.234521 0.971589 0.0318452 2.45037 -0.950793 0.222432 0.215678 28.9803 
0.202675 -0.0819814 0.975808 69.4593 0.235312 0.971368 0.0327341 2.5162 -0.950553 0.222985 0.216163 29.3577 
0.203736 -0.0827698 0.975521 71.2515 0.236289 0.971121 0.0330479 2.56626 -0.950084 0.223772 0.21741 29.7085 
0.203715 -0.0807403 0.975695 73.0271 0.236385 0.971165 0.0310107 2.61728 -0.950065 0.224322 0.216926 30.1012 
0.204572 -0.0791621 0.975645 74.8169 0.237176 0.971032 0.029057 2.69158 -0.949683 0.225455 0.217422 30.4516 
0.203353 -0.0807741 0.975768 76.6393 0.238285 0.97071 0.0306961 2.6957 -0.949667 0.226269 0.216644 30.8513 
0.20262 -0.0797863 0.976002 78.3869 0.236899 0.971065 0.030202 2.7033 -0.95017 0.225095 0.215658 31.2553 
0.201988 -0.0786459 0.976225 80.2097 0.236222 0.971255 0.0293694 2.7343 -0.950474 0.224674 0.21476 31.6606 
0.202895 -0.0757846 0.976264 82.0578 0.234634 0.971718 0.0266682 2.77049 -0.950674 0.223654 0.214938 32.0523 
0.200936 -0.074119 0.976796 83.8815 0.235039 0.971654 0.0253791 2.79789 -0.95099 0.224486 0.212661 32.4887 
0.197802 -0.0717513 0.977612 85.678 0.234948 0.971717 0.0237811 2.80415 -0.951669 0.224985 0.209066 32.9273 
0.192446 -0.0703252 0.978784 87.5804 0.236291 0.971402 0.0233359 2.84129 -0.952434 0.226787 0.20356 33.4092 
0.187519 -0.067584 0.979933 89.429 0.234404 0.971886 0.0221737 2.82565 -0.953882 0.225542 0.198089 33.8336 
0.183927 -0.0643926 0.980828 91.3553 0.233692 0.972105 0.0199975 2.86585 -0.954756 0.225534 0.193844 34.1998 
0.180688 -0.0616646 0.981606 93.2356 0.234667 0.971912 0.0178596 2.89939 -0.955135 0.227123 0.190083 34.5701 
0.175968 -0.0608262 0.982515 95.1495 0.235593 0.971686 0.0179612 2.90113 -0.955788 0.228313 0.185316 34.9394 
0.172689 -0.0591101 0.983201 97.0509 0.238286 0.971054 0.0165275 2.95227 -0.955719 0.231429 0.181776 35.2864 
0.169236 -0.0562248 0.983971 99.0058 0.239245 0.970853 0.0143269 2.99252 -0.956097 0.232986 0.177754 35.6332 
0.163262 -0.0525394 0.985183 100.903 0.238973 0.97095 0.0121784 2.9854 -0.957203 0.233444 0.171074 36.0393 
0.15933 -0.0489794 0.98601 102.827 0.237628 0.971306 0.00985067 2.98259 -0.9582 0.232734 0.166397 36.3688 
0.15572 -0.0476135 0.986653 104.813 0.236347 0.971621 0.00958629 2.96407 -0.95911 0.2317 0.162554 36.6746 
0.151194 -0.046653 0.987403 106.785 0.236658 0.971545 0.00966596 2.97173 -0.959757 0.232215 0.157933 36.9937 
0.145443 -0.045617 0.988314 108.777 0.237547 0.971326 0.00987473 2.962 -0.960426 0.233335 0.152109 37.3315 
0.140139 -0.0432934 0.989185 110.74 0.238493 0.971105 0.00871456 2.95375 -0.96098 0.234692 0.146415 37.6524 
0.134083 -0.041337 0.990108 112.766 0.240278 0.970671 0.0079865 3.01608 -0.961399 0.23683 0.140083 38.0087 
0.130107 -0.0401586 0.990686 114.746 0.240011 0.970739 0.00782922 3.0144 -0.962012 0.236757 0.135939 38.25 
0.12546 -0.0377889 0.991379 116.718 0.245611 0.969351 0.00586682 3.15842 -0.961215 0.242758 0.130897 38.5816 
0.124332 -0.0357444 0.991597 118.783 0.250377 0.968142 0.00350524 3.30528 -0.960132 0.247837 0.129321 38.7882 
0.121639 -0.0348933 0.991961 120.783 0.252213 0.967667 0.00311119 3.38609 -0.959996 0.249807 0.126506 39.0421 
0.117142 -0.0349566 0.9925 122.815 0.251333 0.96789 0.00442557 3.35209 -0.960786 0.24893 0.122167 39.311 
0.113629 -0.0343024 0.992931 124.85 0.250498 0.968105 0.00477816 3.31625 -0.961426 0.248185 0.118598 39.5594 
0.116802 -0.03511 0.992534 126.898 0.255575 0.96678 0.00412276 3.44605 -0.959708 0.253186 0.121895 39.6805 
0.116722 -0.0326186 0.992629 128.947 0.256563 0.966526 0.00159187 3.48315 -0.959454 0.254486 0.121184 39.894 
0.115361 -0.0301036 0.992867 131.002 0.258232 0.966083 -0.000712421 3.49585 -0.959171 0.256472 0.119222 40.1334 
0.113472 -0.0283575 0.993136 133.115 0.258798 0.96593 -0.00198854 3.46746 -0.959243 0.257247 0.116945 40.3422 
0.110472 -0.0264748 0.993527 135.176 0.25901 0.96587 -0.00306183 3.4502 -0.959536 0.257671 0.113558 40.5882 
0.107725 -0.0256219 0.993851 137.227 0.260064 0.965586 -0.00329544 3.44873 -0.959564 0.258819 0.110681 40.799 
0.105413 -0.0234553 0.994152 139.315 0.262323 0.964967 -0.00504821 3.49525 -0.959205 0.261322 0.107873 40.9913 
0.102498 -0.0206928 0.994518 141.408 0.2627 0.964852 -0.00699907 3.4784 -0.959418 0.261977 0.104331 41.1993 
0.100944 -0.0191646 0.994708 143.519 0.261914 0.965058 -0.00798581 3.45444 -0.959798 0.261333 0.102436 41.3786 
0.0948153 -0.0177884 0.995336 145.635 0.261526 0.965166 -0.00766363 3.38336 -0.960528 0.261033 0.0961647 41.7063 
0.0861002 -0.0162703 0.996154 147.712 0.264242 0.96443 -0.00708705 3.36666 -0.960605 0.263836 0.0873369 42.1596 
0.0805437 -0.0136194 0.996658 149.901 0.266934 0.963678 -0.00840321 3.37613 -0.960343 0.266719 0.0812537 42.4331 
0.0840667 -0.0158364 0.996334 151.803 0.269972 0.962839 -0.00747512 3.43784 -0.959191 0.26961 0.085218 42.3639 
0.0825381 -0.0152422 0.996471 153.914 0.269845 0.962874 -0.00762315 3.39646 -0.95936 0.269522 0.0835868 42.4907 
0.0802373 -0.0134872 0.996685 156.064 0.271584 0.962374 -0.00884077 3.40292 -0.959064 0.271393 0.0808812 42.672 
0.0748666 -0.011256 0.99713 158.275 0.272211 0.96219 -0.00957654 3.3624 -0.959321 0.272146 0.0751 42.9328 
0.0731563 -0.00863385 0.997283 160.469 0.271586 0.962344 -0.011591 3.32041 -0.95963 0.271696 0.0727464 43.0382 
0.0736221 -0.0107734 0.997228 162.512 0.273061 0.961947 -0.00976692 3.33198 -0.959175 0.273023 0.0737624 43.1091 
0.0688522 -0.0122212 0.997552 164.697 0.273805 0.961759 -0.00711561 3.30114 -0.959318 0.273624 0.0695655 43.2979 
0.0652028 -0.0111054 0.99781 166.875 0.271882 0.962305 -0.00705616 3.22825 -0.960119 0.271747 0.0657643 43.4436 
0.0749021 -0.0195532 0.996999 168.695 0.275822 0.961207 -0.00187057 3.25122 -0.958286 0.275134 0.0773897 43.389 
0.073519 -0.0171973 0.997146 170.857 0.276324 0.961057 -0.00379833 3.23651 -0.958248 0.275815 0.075408 43.5329 
0.0724832 -0.015948 0.997242 173.027 0.277696 0.960657 -0.004821 3.19512 -0.957931 0.277279 0.0740602 43.6454 
0.068567 -0.0131139 0.99756 175.262 0.280054 0.959961 -0.0066298 3.17271 -0.957532 0.279826 0.0694942 43.8461 
0.0652929 -0.0103306 0.997813 177.459 0.280949 0.959685 -0.00844832 3.12868 -0.957499 0.280886 0.065563 44.0176 
0.0644911 -0.00827199 0.997884 179.594 0.283473 0.958924 -0.0103712 3.14244 -0.956809 0.283542 0.0641869 44.1306 
0.0566961 -0.00684807 0.998368 181.916 0.285269 0.958399 -0.00962615 3.10315 -0.956769 0.285349 0.056291 44.3828 
0.0552215 -0.00607036 0.998456 184.154 0.284542 0.958612 -0.00990903 3.05986 -0.957072 0.28465 0.0546633 44.4436 
0.0511913 -0.00235251 0.998686 186.453 0.283172 0.958991 -0.012256 3.01264 -0.957702 0.283427 0.0497581 44.6119 
0.0478195 0.00137712 0.998855 188.782 0.282117 0.959265 -0.0148287 2.97611 -0.958188 0.282503 0.0454831 44.7386 
0.0437766 0.00473541 0.99903 191.018 0.282643 0.959076 -0.0169312 2.92877 -0.958226 0.28311 0.0406467 44.8959 
0.0402436 0.00680311 0.999167 193.209 0.283324 0.958857 -0.0179401 2.85313 -0.95818 0.28381 0.0366603 45.0138 
0.0365709 0.00830676 0.999297 195.359 0.283509 0.958794 -0.0183456 2.76863 -0.958272 0.283981 0.032709 45.1352 
0.0347492 0.00950729 0.999351 197.668 0.283424 0.958807 -0.0189767 2.69171 -0.958365 0.283899 0.0306232 45.1736 
0.0303568 0.0103787 0.999485 199.887 0.281137 0.959489 -0.0185022 2.54367 -0.959187 0.281554 0.0262092 45.3125 
0.0273475 0.0106859 0.999569 202.129 0.278049 0.960401 -0.0178744 2.41671 -0.960178 0.278417 0.0232934 45.368 
0.0269251 0.0113484 0.999573 204.459 0.278552 0.960245 -0.0184051 2.39344 -0.960044 0.278929 0.0226936 45.3611 
0.0256789 0.0133775 0.999581 206.74 0.280646 0.959602 -0.0200521 2.36992 -0.959468 0.281043 0.0208872 45.4182 
0.0234588 0.0152153 0.999609 209.002 0.280913 0.959499 -0.0211972 2.28784 -0.959446 0.281301 0.0182346 45.4822 
0.0330093 0.00278053 0.999451 211.02 0.280639 0.959739 -0.0119388 2.10299 -0.959246 0.280879 0.0309 45.1121 
0.0297547 0.00385979 0.99955 213.403 0.28382 0.9588 -0.0121512 2.09575 -0.958416 0.284054 0.0274333 45.2082 
0.0265141 -0.000839076 0.999648 215.597 0.283859 0.958843 -0.00672409 1.86859 -0.9585 0.283937 0.0256611 45.305 
0.0219165 -1.0455e-05 0.99976 217.957 0.284997 0.958508 -0.00623762 1.80357 -0.958278 0.285066 0.0210101 45.4361 
0.0198642 -0.003944 0.999795 220.352 0.283238 0.959048 -0.00184417 1.71334 -0.958844 0.283216 0.0201678 45.3514 
0.0265796 -0.00454207 0.999636 222.188 0.282101 0.95938 -0.00314169 1.76046 -0.959016 0.282082 0.0267812 45.1858 
0.0295003 -0.00450019 0.999555 224.273 0.278425 0.96045 -0.00389315 1.68043 -0.960005 0.278416 0.0295865 45.003 
0.0392222 0.0150904 0.999117 224.664 0.280227 0.959595 -0.0254943 1.74535 -0.959132 0.28098 0.0334087 45.357 
0.0571352 0.0170499 0.998221 225.206 0.279506 0.959598 -0.0323883 1.77164 -0.958443 0.280859 0.0500613 45.3145 
0.0571352 0.0170499 0.998221 225.206 0.279506 0.959598 -0.0323883 1.77164 -0.958443 0.280859 0.0500613 45.3145 
0.0817789 -0.00543603 0.996636 225.891 0.288575 0.957279 -0.0184577 1.92816 -0.953958 0.289114 0.079854 44.8898 
0.0667373 0.00289018 0.997766 227.949 0.297686 0.954394 -0.0226758 2.03698 -0.952328 0.298535 0.0628333 45.6583 
0.0585354 0.0085612 0.998249 230.181 0.30736 0.951233 -0.026181 2.26603 -0.949791 0.308354 0.0530495 46.2308 
0.03636 0.019725 0.999144 231.557 0.313357 0.949157 -0.0301416 2.19867 -0.948939 0.314185 0.0283303 46.9973 
0.0335443 0.0223632 0.999187 233.993 0.319653 0.946997 -0.0319264 2.30898 -0.946941 0.320464 0.0246179 47.1427 
0.0303406 0.0252527 0.999221 236.276 0.328911 0.943754 -0.0338381 2.50176 -0.943873 0.329682 0.0203282 47.32 
0.0192032 0.0305154 0.99935 238.456 0.337551 0.940648 -0.0352092 2.60738 -0.941111 0.338008 0.00776292 47.7976 
0.0109559 0.0376071 0.999233 240.837 0.349921 0.935964 -0.0390626 2.76778 -0.936715 0.35008 -0.00290517 48.2301 
-0.000163876 0.0421073 0.999113 243.15 0.353414 0.93464 -0.0393321 2.64753 -0.935467 0.353094 -0.0150345 48.5486 
-0.0310142 0.0552458 0.997991 244.845 0.356431 0.933439 -0.0405958 2.31144 -0.933807 0.354456 -0.0486412 49.3422 
-0.054147 0.063215 0.99653 247.025 0.367979 0.929018 -0.038938 2.2709 -0.928256 0.364594 -0.0735653 50.0928 
-0.0909346 0.0885095 0.991916 248.023 0.382264 0.922842 -0.0473016 2.21252 -0.919568 0.374873 -0.117752 50.7618 
-0.0912649 0.0882837 0.991906 250.263 0.38356 0.922329 -0.0467998 2.17596 -0.918995 0.376184 -0.118038 50.4426 
-0.0938751 0.0886761 0.991627 252.505 0.391119 0.919231 -0.0451756 2.35135 -0.91554 0.383604 -0.120976 50.2405 
-0.114463 0.099525 0.98843 253.599 0.390105 0.919549 -0.0474141 1.95369 -0.913628 0.380164 -0.14408 50.5809 
-0.11931 0.101851 0.987619 255.983 0.391381 0.919002 -0.0474937 1.83979 -0.912461 0.380869 -0.149509 50.3395 
-0.122589 0.0958276 0.98782 256.499 0.389816 0.919985 -0.0408704 1.7805 -0.912697 0.380058 -0.150136 49.7085 
-0.121784 0.0943091 0.988066 257.396 0.395007 0.917853 -0.0389208 2.11177 -0.91057 0.385553 -0.149033 48.8842 
-0.131562 0.0997972 0.986272 257.928 0.39635 0.91723 -0.0399406 2.06877 -0.908624 0.385654 -0.160227 48.801 
-0.141525 0.108957 0.98392 258.349 0.398853 0.915956 -0.0440601 2.01287 -0.906028 0.386204 -0.173089 48.867 
-0.144628 0.106493 0.983739 258.58 0.396047 0.917311 -0.0410757 1.8869 -0.906769 0.383666 -0.174845 48.5138 
-0.144628 0.106493 0.983739 258.58 0.396047 0.917311 -0.0410757 1.8869 -0.906769 0.383666 -0.174845 48.5138 
-0.145871 0.112571 0.982878 258.661 0.395061 0.91748 -0.0464494 1.87736 -0.907 0.381521 -0.178306 48.4366 
-0.145871 0.112571 0.982878 258.661 0.395061 0.91748 -0.0464494 1.87736 -0.907 0.381521 -0.178306 48.4366 
-0.140981 0.110418 0.983836 259.399 0.38734 0.920696 -0.0478266 1.85308 -0.911094 0.374336 -0.17257 47.6479 
-0.147335 0.105475 0.983447 261.656 0.383298 0.92269 -0.041535 1.48034 -0.911798 0.370834 -0.176373 47.3171 
-0.157341 0.101441 0.98232 264.137 0.381986 0.923536 -0.0341868 1.16076 -0.910676 0.369854 -0.184059 47.1163 
-0.159959 0.098879 0.982159 266.426 0.381374 0.923904 -0.0309017 1.02031 -0.910476 0.369627 -0.185497 46.6759 
-0.158252 0.100506 0.98227 268.897 0.382311 0.923448 -0.0328943 0.952492 -0.910382 0.370327 -0.184562 46.0959 
-0.16099 0.104464 0.981412 271.399 0.383726 0.922773 -0.0352757 0.808731 -0.909305 0.370915 -0.188643 45.6786 
-0.166113 0.120232 0.97875 274.126 0.39627 0.917011 -0.0453928 1.04918 -0.902982 0.380308 -0.199972 45.4661 
-0.172738 0.128076 0.976605 276.653 0.400069 0.915161 -0.0492553 0.98129 -0.900059 0.382201 -0.209322 45.1865 
-0.176463 0.126998 0.97608 279.185 0.402433 0.914283 -0.0462025 0.888863 -0.898281 0.384654 -0.212445 44.6 
-0.17495 0.126663 0.976396 281.579 0.403957 0.913614 -0.0461379 0.828887 -0.897893 0.38635 -0.211004 44.0143 
-0.157543 0.124762 0.979599 282.627 0.406271 0.912336 -0.0508572 1.0869 -0.900069 0.389971 -0.194419 43.168 
-0.152094 0.112852 0.981902 283.549 0.404266 0.913659 -0.0423889 1.12729 -0.901907 0.390502 -0.184584 42.5756 
-0.1554 0.114292 0.981218 284.229 0.404969 0.913354 -0.0422504 1.05234 -0.901028 0.390797 -0.18822 42.4856 
-0.147945 0.113966 0.982407 285.369 0.40415 0.913579 -0.0451184 1.13467 -0.902649 0.390365 -0.181218 41.969 
-0.157604 0.128162 0.97915 286.101 0.404058 0.91311 -0.0544802 0.970732 -0.901054 0.387047 -0.195695 42.112 
-0.0751794 0.0246008 0.996867 285.362 0.447104 0.894406 0.0116464 0.984253 -0.891317 0.446579 -0.07824 42.2265 
-0.0902483 0.0376421 0.995208 286.325 0.459495 0.888144 0.00807576 1.054 -0.883583 0.458022 -0.0974498 42.4962 
-0.0982548 0.0400028 0.994357 288.873 0.458846 0.888464 0.00959691 0.954618 -0.883067 0.457199 -0.105651 42.3636 
-0.110121 0.0438301 0.992951 291.362 0.458955 0.888383 0.0116853 0.846523 -0.881608 0.457007 -0.117946 42.3865 
-0.123537 0.0465428 0.991248 293.688 0.454566 0.89059 0.0148349 0.558943 -0.882105 0.45242 -0.131177 42.4123 
-0.12156 0.0608741 0.990716 296.172 0.452745 0.89164 0.000764947 0.527222 -0.883315 0.448634 -0.135948 42.1015 
-0.117753 0.0428758 0.992117 298.447 0.457799 0.888913 0.0159198 0.791696 -0.881223 0.456065 -0.124301 41.5407 
-0.101963 0.020631 0.994574 300.74 0.463972 0.885369 0.0292004 1.26847 -0.879962 0.464432 -0.0998471 40.6697 
-0.0927847 0.0252934 0.995365 302.908 0.465399 0.884854 0.0208978 1.44304 -0.880224 0.465181 -0.0938725 40.3291 
-0.0893666 0.0300446 0.995546 305.48 0.466994 0.884129 0.0152382 1.49342 -0.879733 0.466276 -0.0930423 40.002 
-0.0873555 0.0354766 0.995545 308.12 0.472699 0.881166 0.010077 1.63862 -0.876883 0.471474 -0.0937444 39.7479 
-0.0787527 0.0410712 0.996048 309.424 0.469269 0.883055 0.000690846 2.07585 -0.879536 0.467469 -0.0888164 38.8388 
-0.0841903 0.0404937 0.995627 311.368 0.4593 0.888277 0.00271086 1.93812 -0.884282 0.45752 -0.0933831 38.3972 
-0.0775023 0.0408501 0.996155 311.894 0.460764 0.887523 -0.000547235 2.15637 -0.884132 0.45895 -0.0876073 38.1001 
-0.0878143 0.0577176 0.994463 314.577 0.470639 0.882273 -0.00964729 2.17967 -0.877945 0.467186 -0.10464 38.3442 
-0.0904676 0.0468622 0.994796 316.364 0.458674 0.888605 -0.00014765 2.00569 -0.883988 0.456273 -0.101884 37.8073 
-0.085915 0.0523147 0.994928 316.622 0.457455 0.889203 -0.00725288 2.06565 -0.885072 0.454512 -0.100327 37.6693 
-0.0995873 0.0182916 0.994861 317.2 0.45663 0.889172 0.029361 2.10634 -0.884065 0.457207 -0.0969027 37.2602 
-0.111739 0.0088898 0.993698 316.76 0.455381 0.889246 0.0432513 1.86496 -0.883257 0.457344 -0.103412 37.4721 
-0.111739 0.0088898 0.993698 316.76 0.455381 0.889246 0.0432513 1.86496 -0.883257 0.457344 -0.103412 37.4721 
-0.112057 0.00926905 0.993659 316.748 0.454478 0.889722 0.0429529 1.86119 -0.883681 0.45641 -0.103912 37.4598 
-0.114275 0.0071661 0.993423 316.913 0.455446 0.889075 0.0459771 1.87702 -0.882899 0.457705 -0.104863 37.3678 
-0.114275 0.0071661 0.993423 316.913 0.455446 0.889075 0.0459771 1.87702 -0.882899 0.457705 -0.104863 37.3678 
-0.114275 0.0071661 0.993423 316.913 0.455446 0.889075 0.0459771 1.87702 -0.882899 0.457705 -0.104863 37.3678 
-0.114275 0.0071661 0.993423 316.913 0.455446 0.889075 0.0459771 1.87702 -0.882899 0.457705 -0.104863 37.3678 
-0.114275 0.0071661 0.993423 316.913 0.455446 0.889075 0.0459771 1.87702 -0.882899 0.457705 -0.104863 37.3678 
-0.114275 0.0071661 0.993423 316.913 0.455446 0.889075 0.0459771 1.87702 -0.882899 0.457705 -0.104863 37.3678 
-0.113416 0.0127457 0.993466 317.017 0.448566 0.892865 0.0397543 1.91718 -0.886525 0.450143 -0.106983 37.3047 
-0.115461 0.0189434 0.993131 317.11 0.446945 0.89388 0.0349115 1.94638 -0.887079 0.447906 -0.111675 37.3056 
-0.117895 0.0205835 0.992813 317.17 0.4474 0.893665 0.0346 1.97936 -0.886529 0.448263 -0.114568 37.2794 
-0.117895 0.0205835 0.992813 317.17 0.4474 0.893665 0.0346 1.97936 -0.886529 0.448263 -0.114568 37.2794 
-0.117895 0.0205835 0.992813 317.17 0.4474 0.893665 0.0346 1.97936 -0.886529 0.448263 -0.114568 37.2794 
-0.117895 0.0205835 0.992813 317.17 0.4474 0.893665 0.0346 1.97936 -0.886529 0.448263 -0.114568 37.2794 
-0.117895 0.0205835 0.992813 317.17 0.4474 0.893665 0.0346 1.97936 -0.886529 0.448263 -0.114568 37.2794 
-0.117895 0.0205835 0.992813 317.17 0.4474 0.893665 0.0346 1.97936 -0.886529 0.448263 -0.114568 37.2794 
-0.117895 0.0205835 0.992813 317.17 0.4474 0.893665 0.0346 1.97936 -0.886529 0.448263 -0.114568 37.2794 
-0.117895 0.0205835 0.992813 317.17 0.4474 0.893665 0.0346 1.97936 -0.886529 0.448263 -0.114568 37.2794 
-0.117895 0.0205835 0.992813 317.17 0.4474 0.893665 0.0346 1.97936 -0.886529 0.448263 -0.114568 37.2794 
-0.117895 0.0205835 0.992813 317.17 0.4474 0.893665 0.0346 1.97936 -0.886529 0.448263 -0.114568 37.2794 
-0.117895 0.0205835 0.992813 317.17 0.4474 0.893665 0.0346 1.97936 -0.886529 0.448263 -0.114568 37.2794 
-0.117895 0.0205835 0.992813 317.17 0.4474 0.893665 0.0346 1.97936 -0.886529 0.448263 -0.114568 37.2794 
-0.117895 0.0205835 0.992813 317.17 0.4474 0.893665 0.0346 1.97936 -0.886529 0.448263 -0.114568 37.2794 
-0.117895 0.0205835 0.992813 317.17 0.4474 0.893665 0.0346 1.97936 -0.886529 0.448263 -0.114568 37.2794 
-0.117895 0.0205835 0.992813 317.17 0.4474 0.893665 0.0346 1.97936 -0.886529 0.448263 -0.114568 37.2794 
-0.117895 0.0205835 0.992813 317.17 0.4474 0.893665 0.0346 1.97936 -0.886529 0.448263 -0.114568 37.2794 
-0.117895 0.0205835 0.992813 317.17 0.4474 0.893665 0.0346 1.97936 -0.886529 0.448263 -0.114568 37.2794 
-0.117895 0.0205835 0.992813 317.17 0.4474 0.893665 0.0346 1.97936 -0.886529 0.448263 -0.114568 37.2794 
-0.117895 0.0205835 0.992813 317.17 0.4474 0.893665 0.0346 1.97936 -0.886529 0.448263 -0.114568 37.2794 
-0.117895 0.0205835 0.992813 317.17 0.4474 0.893665 0.0346 1.97936 -0.886529 0.448263 -0.114568 37.2794 
-0.117895 0.0205835 0.992813 317.17 0.4474 0.893665 0.0346 1.97936 -0.886529 0.448263 -0.114568 37.2794 
-0.117895 0.0205835 0.992813 317.17 0.4474 0.893665 0.0346 1.97936 -0.886529 0.448263 -0.114568 37.2794 
-0.117895 0.0205835 0.992813 317.17 0.4474 0.893665 0.0346 1.97936 -0.886529 0.448263 -0.114568 37.2794 
-0.117895 0.0205835 0.992813 317.17 0.4474 0.893665 0.0346 1.97936 -0.886529 0.448263 -0.114568 37.2794 
-0.133622 0.0320051 0.990515 320.025 0.453354 0.890742 0.0323767 1.82216 -0.881258 0.45338 -0.133532 37.8288 
-0.12614 0.0259627 0.991673 320.54 0.460172 0.887127 0.0353078 1.99568 -0.878823 0.460794 -0.123849 37.5267 
-0.113113 0.0171801 0.993434 321.161 0.464871 0.884578 0.0376329 2.26171 -0.878123 0.466075 -0.108044 37.1276 
-0.113113 0.0171801 0.993434 321.161 0.464871 0.884578 0.0376329 2.26171 -0.878123 0.466075 -0.108044 37.1276 
-0.113113 0.0171801 0.993434 321.161 0.464871 0.884578 0.0376329 2.26171 -0.878123 0.466075 -0.108044 37.1276 
-0.0985563 -0.00320688 0.995126 321.985 0.466507 0.883156 0.0490485 2.67567 -0.879009 0.469068 -0.0855446 36.4501 
-0.095135 -0.00499687 0.995452 322.258 0.470591 0.880968 0.0493964 2.74459 -0.877208 0.47315 -0.0814594 36.3824 
-0.0813129 -0.00788392 0.996657 322.926 0.471418 0.880739 0.0454278 2.91998 -0.878154 0.473536 -0.0678988 36.0905 
-0.0751635 -0.0126427 0.997091 323.25 0.473183 0.879719 0.0468243 3.00664 -0.877752 0.475326 -0.0601404 35.9252 
-0.0567441 -0.0215985 0.998155 323.682 0.478008 0.877142 0.0461542 3.28802 -0.876521 0.479745 -0.0394484 35.5128 
-0.0592457 -0.0361936 0.997587 323.895 0.479376 0.87554 0.0602352 3.28586 -0.875608 0.481788 -0.0345217 35.3923 
-0.0588191 -0.0390667 0.997504 324.238 0.477349 0.87649 0.0624747 3.29929 -0.876743 0.479832 -0.0329059 35.3502 
-0.0595745 -0.0453141 0.997195 324.822 0.474548 0.877581 0.0682292 3.3667 -0.878211 0.477281 -0.0307778 35.2625 
-0.0559718 -0.0454347 0.997398 325.452 0.474575 0.877691 0.0666138 3.45006 -0.878434 0.477068 -0.0275637 35.191 
-0.0556624 -0.0459782 0.99739 326.028 0.476351 0.876699 0.0669988 3.493 -0.877491 0.478838 -0.0268973 35.1588 
-0.0519935 -0.0484796 0.99747 326.544 0.478569 0.875452 0.0674949 3.59756 -0.876509 0.480868 -0.022317 35.0219 
-0.0489511 -0.0550436 0.997283 327.002 0.478073 0.875382 0.0717813 3.67208 -0.876955 0.480288 -0.016536 34.835 
-0.0471284 -0.0608287 0.997035 327.588 0.477739 0.87521 0.0759782 3.76838 -0.877237 0.479903 -0.012187 34.7183 
-0.0505593 -0.0635709 0.996696 328.121 0.472663 0.877609 0.0799521 3.77453 -0.879792 0.475144 -0.0143237 34.636 
-0.0489854 -0.0692218 0.996398 328.672 0.471795 0.877682 0.084169 3.87085 -0.880346 0.474219 -0.010335 34.5084 
-0.0458576 -0.074647 0.996155 329.205 0.47215 0.877168 0.087466 4.01443 -0.880325 0.474346 -0.00498029 34.3793 
-0.0442705 -0.0779559 0.995973 329.733 0.470752 0.877701 0.0896234 4.1081 -0.881154 0.472825 -0.00215835 34.2825 
-0.0421843 -0.0824561 0.995701 330.213 0.469387 0.878123 0.0926054 4.19558 -0.881984 0.471276 0.00166075 34.1427 
-0.0414992 -0.0854271 0.99548 330.601 0.470293 0.877393 0.0948989 4.23545 -0.881534 0.472106 0.00376468 34.0727 
-0.0357808 -0.100607 0.994283 330.944 0.473383 0.874513 0.105523 4.37435 -0.88013 0.474452 0.0163348 33.8562 
-0.0365201 -0.103842 0.993923 331.493 0.47225 0.874732 0.108741 4.43678 -0.880708 0.473351 0.0170939 33.8322 
-0.0359148 -0.109997 0.993283 331.697 0.471483 0.87449 0.11389 4.44322 -0.881143 0.472407 0.0204547 33.8012 
-0.0358425 -0.122644 0.991803 331.834 0.471573 0.872925 0.124986 4.44288 -0.881099 0.472187 0.0265479 33.7208 
-0.0313692 -0.122136 0.992018 331.932 0.470741 0.873731 0.122458 4.43378 -0.881713 0.470825 0.0300862 33.6934 
-0.0297675 -0.135705 0.990302 332.107 0.472929 0.870919 0.133561 4.47468 -0.880597 0.472319 0.0382538 33.5868 
-0.0318739 -0.153278 0.987669 332.352 0.475119 0.867061 0.149894 4.52442 -0.879344 0.474038 0.0451889 33.473 
-0.0274738 -0.163653 0.986135 332.555 0.475458 0.865634 0.156902 4.59738 -0.87931 0.473176 0.054028 33.3675 
-0.0302822 -0.179942 0.983211 332.75 0.475434 0.862669 0.172524 4.6042 -0.87923 0.472677 0.059427 33.2878 
-0.0293765 -0.191953 0.980964 332.922 0.47631 0.860114 0.182569 4.63362 -0.878786 0.472607 0.0661621 33.2163 
-0.0288124 -0.195419 0.980297 333.451 0.476884 0.859213 0.185298 4.76166 -0.878494 0.472826 0.0684361 33.1764 
-0.0280774 -0.200007 0.979392 333.971 0.476921 0.858392 0.188969 4.92228 -0.878497 0.472399 0.0712862 33.1028 
-0.0280994 -0.218776 0.97537 334.221 0.479924 0.852986 0.205151 5.02307 -0.87686 0.473868 0.0810274 32.9591 
-0.0263027 -0.233743 0.971943 334.418 0.481804 0.848935 0.217199 5.0825 -0.875884 0.473998 0.0902889 32.8605 
-0.0263027 -0.233743 0.971943 334.418 0.481804 0.848935 0.217199 5.0825 -0.875884 0.473998 0.0902889 32.8605 
-0.0222927 -0.237931 0.971026 334.899 0.482079 0.848332 0.218935 5.26068 -0.875844 0.472992 0.0957897 32.7591 
-0.0195254 -0.251901 0.967556 335.145 0.483629 0.844608 0.229652 5.36082 -0.875055 0.472422 0.105336 32.6423 
-0.0202909 -0.259397 0.965558 335.547 0.483436 0.842805 0.236579 5.48984 -0.875145 0.471585 0.1083 32.6231 
-0.0186108 -0.265254 0.963999 336.059 0.483707 0.841433 0.240867 5.72216 -0.875032 0.470776 0.112645 32.5676 
-0.0211283 -0.282257 0.959106 336.339 0.485188 0.835886 0.256683 5.77547 -0.874154 0.47077 0.119287 32.4839 
-0.0212441 -0.287377 0.957582 336.874 0.484451 0.834883 0.261302 5.94043 -0.874561 0.469452 0.121484 32.4432 
-0.018417 -0.293082 0.95591 337.405 0.485666 0.833079 0.264779 6.20966 -0.873951 0.469129 0.126997 32.3851 
-0.0171736 -0.29535 0.955235 337.919 0.485653 0.832641 0.266177 6.40031 -0.873983 0.468484 0.129138 32.3806 
-0.0145584 -0.298999 0.954142 338.412 0.485687 0.831994 0.268132 6.61296 -0.874011 0.467318 0.133108 32.308 
-0.0100258 -0.306303 0.951881 338.878 0.486993 0.829912 0.272184 6.84961 -0.873348 0.466288 0.140847 32.1914 
-0.00811639 -0.318805 0.947786 338.997 0.487252 0.826422 0.282155 6.84153 -0.873224 0.4641 0.148631 32.1596 
-0.00777262 -0.32134 0.946932 339.534 0.484789 0.827023 0.284628 7.03087 -0.874596 0.461275 0.149354 32.1585 
-0.00804998 -0.32258 0.946508 339.993 0.484014 0.827013 0.285971 7.20503 -0.875023 0.460425 0.149476 32.1548 
-0.0057909 -0.326648 0.945128 340.503 0.486103 0.825039 0.288122 7.43291 -0.873883 0.461098 0.154007 32.1104 
-0.00566875 -0.331857 0.943313 341.005 0.488767 0.822049 0.292134 7.64619 -0.872396 0.462716 0.157541 32.0726 
0.00146371 -0.341101 0.940026 341.526 0.489707 0.819841 0.296728 7.95268 -0.871886 0.459902 0.168239 31.9136 
0.0100262 -0.349176 0.937003 342.067 0.489358 0.818886 0.299923 8.28202 -0.872025 0.455524 0.179083 31.777 
0.0157252 -0.35641 0.934197 342.589 0.49152 0.816385 0.303189 8.61172 -0.870724 0.454409 0.188021 31.7024 
0.0212378 -0.366083 0.93034 343.062 0.495939 0.811848 0.308136 8.93957 -0.868098 0.454847 0.198796 31.6008 
0.0188449 -0.379715 0.924911 343.331 0.498346 0.805541 0.320555 9.02231 -0.866774 0.454885 0.20441 31.5678 
0.0161042 -0.395477 0.918335 343.597 0.501754 0.797634 0.334699 9.12934 -0.86486 0.455388 0.211277 31.5079 
0.0167525 -0.407637 0.91299 344.086 0.503538 0.792312 0.344516 9.41012 -0.863811 0.453954 0.218534 31.4463 
0.0155633 -0.410929 0.911534 344.562 0.502597 0.791319 0.348154 9.60638 -0.864381 0.452716 0.218847 31.5107 
0.0184293 -0.414948 0.909658 345.081 0.502365 0.790473 0.350403 9.89029 -0.864459 0.450523 0.223023 31.5085 
0.0208608 -0.419269 0.907623 345.579 0.50289 0.789017 0.352922 10.1522 -0.864099 0.449072 0.227305 31.4853 
0.0210559 -0.424077 0.905381 346.113 0.503595 0.786808 0.356826 10.4381 -0.863683 0.448432 0.23013 31.5207 
0.0226291 -0.427822 0.90358 346.62 0.502739 0.786091 0.359603 10.6859 -0.864142 0.446127 0.232871 31.5484 
0.0241829 -0.43003 0.90249 347.114 0.502148 0.785834 0.360989 10.9278 -0.864443 0.444454 0.234943 31.5915 
0.0248716 -0.431754 0.901648 347.593 0.501021 0.785862 0.362489 11.1501 -0.865077 0.442729 0.235864 31.6307 
0.0299668 -0.43599 0.899452 348.111 0.502362 0.784519 0.363542 11.4575 -0.864138 0.440957 0.242535 31.6121 
0.033255 -0.441596 0.896598 348.649 0.503381 0.782402 0.366681 11.7567 -0.863424 0.439137 0.24831 31.6321 
0.037769 -0.447978 0.893246 349.13 0.504709 0.780044 0.369865 12.0705 -0.862463 0.43686 0.25556 31.5973 
0.0418473 -0.454495 0.889766 349.615 0.504139 0.778471 0.373935 12.3676 -0.862608 0.432917 0.261706 31.5542 
0.044239 -0.458163 0.887767 350.039 0.505178 0.776909 0.375777 12.6445 -0.861881 0.431856 0.265823 31.5879 
0.045539 -0.462183 0.885614 350.538 0.50669 0.774718 0.378255 12.918 -0.860925 0.431507 0.269464 31.6331 
0.0510854 -0.466319 0.88314 351.02 0.508209 0.773376 0.378964 13.2439 -0.859717 0.42946 0.276496 31.6274 
0.0553614 -0.471166 0.880305 351.49 0.507763 0.772425 0.381493 13.5121 -0.859716 0.425866 0.282003 31.6161 
0.0541138 -0.473691 0.879027 351.888 0.50726 0.771306 0.384415 13.7071 -0.860092 0.425093 0.282023 31.6984 
0.0544164 -0.479523 0.87584 352.354 0.507483 0.76869 0.389328 13.9586 -0.859942 0.423288 0.285179 31.7449 
0.0566308 -0.481945 0.874369 352.799 0.507722 0.767978 0.39042 14.2217 -0.859658 0.421827 0.288186 31.7971 
0.0607523 -0.483616 0.873169 353.253 0.509055 0.767481 0.389661 14.5197 -0.858587 0.420819 0.292813 31.8455 
0.0594702 -0.484643 0.872688 353.668 0.510582 0.765991 0.390595 14.724 -0.85777 0.42235 0.293003 31.951 
0.0566997 -0.485829 0.872213 354.046 0.510531 0.764871 0.39285 14.9147 -0.857988 0.423017 0.291398 32.0584 
0.0567743 -0.490131 0.869798 354.528 0.508576 0.763895 0.397259 15.1707 -0.859143 0.419804 0.292639 32.1321 
0.056282 -0.492971 0.868223 355.01 0.506183 0.763646 0.40078 15.3954 -0.860588 0.416923 0.292513 32.2273 
0.0565187 -0.494562 0.867303 355.51 0.507054 0.762541 0.401781 15.6525 -0.860059 0.417061 0.293867 32.3439 
0.0575993 -0.498778 0.864814 355.953 0.508437 0.760151 0.404551 15.9182 -0.85917 0.416402 0.297381 32.3766 
0.0574238 -0.50066 0.863737 356.422 0.509829 0.758554 0.405796 16.1678 -0.858357 0.417056 0.29881 32.4825 
0.0630571 -0.508291 0.858874 356.943 0.508751 0.756745 0.410498 16.4978 -0.858601 0.411068 0.306312 32.4719 
0.064126 -0.512545 0.856263 357.419 0.506387 0.756069 0.414647 16.7576 -0.859919 0.407011 0.30803 32.5121 
0.0645491 -0.515553 0.854423 357.895 0.505787 0.754986 0.417343 17.0285 -0.86024 0.405217 0.309494 32.5971 
0.0657143 -0.519223 0.852108 358.363 0.504807 0.753913 0.420458 17.2868 -0.860727 0.40252 0.311651 32.6524 
0.0647369 -0.521733 0.850649 358.879 0.506065 0.751855 0.422626 17.5739 -0.860063 0.403124 0.312704 32.8317 
0.0667012 -0.527077 0.847196 359.326 0.506333 0.749516 0.426442 17.8722 -0.859755 0.400518 0.31687 32.8519 
0.0668368 -0.529817 0.845474 359.719 0.507031 0.747839 0.428552 18.1403 -0.859333 0.400039 0.318617 32.933 
0.0729189 -0.536521 0.84073 360.19 0.506218 0.746226 0.432307 18.4739 -0.859317 0.39407 0.326011 32.9057 
0.0782203 -0.540512 0.837692 360.661 0.505764 0.745622 0.433878 18.7946 -0.859118 0.389737 0.331694 32.9202 
0.0775165 -0.543372 0.835905 361.134 0.5052 0.744223 0.436926 19.0613 -0.859514 0.388431 0.332202 33.0475 
0.0877667 -0.553018 0.828534 361.669 0.506145 0.741134 0.441065 19.504 -0.857971 0.380647 0.344954 32.9757 
0.0908995 -0.566061 0.819336 362.007 0.508836 0.733638 0.450402 19.7457 -0.856051 0.375966 0.354719 32.9493 
0.094552 -0.569823 0.81631 362.415 0.510144 0.731872 0.451792 20.0787 -0.854876 0.373718 0.359892 33.0002 
0.0926003 -0.585479 0.805382 362.754 0.513196 0.721209 0.465283 20.2839 -0.853261 0.370233 0.367249 32.989 
0.0923348 -0.590238 0.801931 363.151 0.51394 0.718052 0.469326 20.5403 -0.852842 0.36881 0.369649 33.0779 
0.0930298 -0.594356 0.798803 363.54 0.51732 0.714344 0.471266 20.8464 -0.85072 0.369395 0.373928 33.1802 
0.0952316 -0.598225 0.795649 363.929 0.519183 0.711811 0.473048 21.1952 -0.849341 0.368038 0.378375 33.2756 
0.0949652 -0.603652 0.791572 364.363 0.517294 0.7093 0.478852 21.5007 -0.850522 0.364001 0.379625 33.3746 
0.0975976 -0.608451 0.787567 364.769 0.515212 0.707942 0.483088 21.7861 -0.851488 0.358616 0.382574 33.3901 
0.0989696 -0.610944 0.785464 365.222 0.514377 0.707112 0.485189 22.0909 -0.851834 0.356006 0.384238 33.4989 
0.101222 -0.614896 0.782085 365.635 0.513701 0.705521 0.488213 22.3949 -0.851978 0.35234 0.387287 33.5741 
0.0998075 -0.618081 0.779753 366.065 0.511787 0.703943 0.492482 22.6368 -0.853295 0.349914 0.386584 33.7141 
0.0971891 -0.620261 0.778351 366.403 0.512445 0.70161 0.49512 22.8672 -0.853202 0.350742 0.386039 33.8297 
0.0996481 -0.624717 0.774467 366.819 0.512687 0.699304 0.498122 23.1875 -0.852773 0.347422 0.389969 33.8863 
0.104661 -0.630594 0.769024 367.254 0.513848 0.696344 0.501065 23.5872 -0.851473 0.342719 0.396909 33.9085 
0.104485 -0.633937 0.766294 367.634 0.513914 0.694082 0.504125 23.8884 -0.851455 0.341136 0.39831 33.9883 
0.102938 -0.635179 0.765474 368.072 0.513045 0.693202 0.506216 24.1603 -0.852167 0.340614 0.397233 34.1757 
0.101045 -0.638191 0.763219 368.457 0.510842 0.691575 0.510651 24.3986 -0.853716 0.338286 0.395894 34.2696 
0.103404 -0.642036 0.75967 368.848 0.509771 0.690035 0.513795 24.7201 -0.854073 0.33413 0.398643 34.2861 
0.101602 -0.645749 0.75676 369.198 0.510272 0.686835 0.517572 25.0076 -0.853991 0.333566 0.399291 34.3561 
0.100425 -0.649243 0.753922 369.611 0.509724 0.68433 0.521415 25.3104 -0.854457 0.331929 0.399659 34.4808 
0.100657 -0.653968 0.749796 369.978 0.510512 0.680798 0.525254 25.6809 -0.853959 0.329909 0.402385 34.5546 
