1 0 0 0 0 1 0 0 0 0 1 0 
1 -0.000506167 -7.49356e-05 -0.0190979 0.00050629 0.999999 0.00165067 -0.0321988 7.41e-05 -0.00165071 0.999999 1.40039 
0.999999 -0.000864286 0.000964847 -0.0898912 0.000863236 0.999999 0.00108847 -0.049663 -0.000965787 -0.00108764 0.999999 2.75328 
1 -6.67502e-05 0.000979265 -0.0891139 6.83931e-05 0.999999 -0.00167784 -0.0286994 -0.000979152 0.0016779 0.999998 4.13896 
1 0.000103608 -0.000109707 -0.0718495 -0.000103892 0.999997 -0.00259644 -0.0362498 0.000109437 0.00259646 0.999997 5.52873 
1 -0.000477267 0.000393884 -0.108149 0.000477942 0.999998 -0.00171644 -0.0693588 -0.000393064 0.00171663 0.999998 6.88308 
1 -0.00059601 0.000400306 -0.11244 0.000596419 0.999999 -0.00102404 -0.0843384 -0.000399696 0.00102428 0.999999 8.26593 
0.999998 -0.000760932 0.00200382 -0.19161 0.000759974 1 0.000478463 -0.141031 -0.00200419 -0.000476939 0.999998 9.55895 
0.999999 0.0003607 0.00143674 -0.200542 -0.000357125 0.999997 -0.00248772 -0.13641 -0.00143763 0.0024872 0.999996 10.9452 
0.999988 0.00424231 0.00260737 -0.253494 -0.00422671 0.999973 -0.00595926 -0.134797 -0.00263258 0.00594816 0.999979 12.3181 
0.999966 0.00759018 0.00318778 -0.285772 -0.00756799 0.999947 -0.0069162 -0.167011 -0.00324011 0.00689184 0.999971 13.6729 
0.999933 0.0104798 0.00496377 -0.359788 -0.0104478 0.999925 -0.00642806 -0.217848 -0.00503076 0.00637577 0.999967 15.0119 
0.999903 0.0126008 0.00591707 -0.400266 -0.0125665 0.999904 -0.00580346 -0.241903 -0.00598963 0.00572854 0.999966 16.3512 
0.999907 0.0115995 0.00721209 -0.426419 -0.0115749 0.999927 -0.00343478 -0.269834 -0.00725141 0.00335098 0.999968 17.7416 
0.999943 0.00832029 0.00670884 -0.419342 -0.00830568 0.999963 -0.00220304 -0.292149 -0.00672692 0.0021472 0.999975 19.1327 
0.999957 0.00645444 0.00659494 -0.426645 -0.00642799 0.999971 -0.00402411 -0.330859 -0.00662073 0.00398155 0.99997 20.5124 
0.999964 0.00557033 0.00645627 -0.42877 -0.00553208 0.999967 -0.00592793 -0.360937 -0.00648908 0.005892 0.999962 21.8764 
0.99994 0.00870013 0.00665324 -0.4254 -0.00864801 0.999932 -0.00782349 -0.398192 -0.00672086 0.00776548 0.999947 23.2823 
0.999903 0.0116745 0.00765537 -0.457008 -0.0116305 0.999916 -0.00575907 -0.435957 -0.00772196 0.00566947 0.999954 24.6563 
0.99988 0.0131935 0.00808628 -0.462638 -0.0131747 0.99991 -0.00236819 -0.464944 -0.0081168 0.00226137 0.999965 26.0638 
0.999899 0.0117301 0.00808209 -0.458913 -0.0117259 0.999931 -0.000569245 -0.487428 -0.00808821 0.000474418 0.999967 27.4791 
0.999931 0.00847513 0.00809917 -0.473582 -0.00845609 0.999961 -0.00238274 -0.506534 -0.00811906 0.00231409 0.999964 28.8532 
0.99993 0.0085721 0.00815044 -0.488465 -0.00853616 0.999954 -0.00443461 -0.535038 -0.00818808 0.00436472 0.999957 30.2348 
0.999924 0.0094153 0.00799323 -0.463674 -0.00935913 0.999931 -0.00703537 -0.561028 -0.00805892 0.00696002 0.999943 31.6894 
0.999864 0.0137597 0.00906652 -0.483721 -0.0136832 0.999871 -0.0084544 -0.580819 -0.00918167 0.00832919 0.999923 33.0834 
0.999835 0.0150055 0.0101887 -0.517935 -0.0148988 0.999834 -0.0104674 -0.612625 -0.0103441 0.0103139 0.999893 34.5238 
0.999813 0.0170538 0.00909758 -0.480875 -0.0169558 0.999799 -0.0107417 -0.628196 -0.00927893 0.0105854 0.999901 35.9715 
0.999813 0.0176482 0.00790723 -0.456816 -0.0175656 0.999792 -0.0103949 -0.648136 -0.00808903 0.010254 0.999915 37.411 
0.99979 0.0195341 0.00619854 -0.41368 -0.019478 0.99977 -0.00899714 -0.699761 -0.00637287 0.00887451 0.99994 38.8539 
0.999723 0.0228056 0.00577045 -0.406025 -0.0227543 0.999702 -0.00880949 -0.748973 -0.00596964 0.00867575 0.999945 40.3286 
0.999651 0.0260011 0.00458567 -0.375062 -0.0259572 0.999619 -0.00938819 -0.795704 -0.00482803 0.00926589 0.999945 41.8212 
0.999579 0.0287612 0.00387623 -0.377216 -0.0287282 0.999552 -0.00833892 -0.852059 -0.00411433 0.00822405 0.999958 43.2701 
0.999556 0.0295768 0.0036915 -0.4043 -0.0295484 0.999535 -0.00754505 -0.908891 -0.00391295 0.00743262 0.999965 44.7057 
0.999531 0.0304297 0.00341875 -0.417156 -0.0303974 0.999496 -0.00913205 -0.91273 -0.00369491 0.00902384 0.999952 46.1515 
0.9995 0.0314747 0.00298984 -0.422803 -0.0314395 0.999443 -0.0111795 -0.925918 -0.00334004 0.0110799 0.999933 47.6447 
0.999514 0.0311117 0.00184365 -0.431031 -0.0310895 0.999455 -0.0110535 -0.968099 -0.00218654 0.0109908 0.999937 49.0984 
0.999505 0.0314634 0.000880403 -0.442465 -0.0314532 0.999457 -0.00984341 -1.01716 -0.00118963 0.00981084 0.999951 50.5527 
0.99939 0.0349198 -0.000580943 -0.439611 -0.0349243 0.999313 -0.0123946 -1.01472 0.000147726 0.0124074 0.999923 52.0181 
0.999271 0.0380603 -0.00285248 -0.426388 -0.038098 0.999168 -0.0145784 -1.02352 0.00229524 0.0146765 0.99989 53.5016 
0.999124 0.0417345 -0.00293167 -0.460759 -0.0417789 0.998979 -0.0171845 -1.00782 0.00221149 0.017292 0.999848 54.9799 
0.999174 0.0404189 -0.00424353 -0.465785 -0.0404851 0.999037 -0.0168959 -1.05782 0.00355654 0.0170537 0.999848 56.4476 
0.999243 0.0384507 -0.00594764 -0.46657 -0.0385372 0.999142 -0.0151715 -1.14468 0.00535918 0.0153892 0.999867 57.9122 
0.99921 0.0390736 -0.00726476 -0.458956 -0.0391964 0.999076 -0.0176043 -1.17243 0.00657019 0.0178751 0.999819 59.4188 
0.999199 0.0394211 -0.00691394 -0.486874 -0.0395378 0.999062 -0.0176334 -1.2205 0.00621233 0.0178927 0.999821 60.8771 
0.999176 0.0399918 -0.00694429 -0.49232 -0.0401108 0.999034 -0.01794 -1.26492 0.00622013 0.0182038 0.999815 62.3652 
0.999114 0.0412833 -0.00813412 -0.466904 -0.0414279 0.99897 -0.0184908 -1.30882 0.00736238 0.0188114 0.999796 63.8698 
0.999137 0.0406798 -0.00843109 -0.464452 -0.0408378 0.998975 -0.0194997 -1.34023 0.00762921 0.0198272 0.999774 65.3523 
0.999185 0.0394827 -0.00836786 -0.492369 -0.0396446 0.99901 -0.0201582 -1.41134 0.00756367 0.0204735 0.999762 66.8277 
0.999132 0.0410638 -0.00702222 -0.53943 -0.0412048 0.998924 -0.0212889 -1.46206 0.00614047 0.0215597 0.999749 68.2868 
0.999019 0.0436628 -0.00732199 -0.535781 -0.0438109 0.998809 -0.0214676 -1.52768 0.00637594 0.0217673 0.999743 69.7693 
0.998827 0.0479296 -0.0068801 -0.568318 -0.0480598 0.99864 -0.0202102 -1.58872 0.00590208 0.0205171 0.999772 71.2169 
0.99864 0.0516463 -0.0071114 -0.569363 -0.0517701 0.998488 -0.0184915 -1.66309 0.00614563 0.0188345 0.999804 72.7119 
0.998373 0.0567423 -0.00564756 -0.607774 -0.0568371 0.998215 -0.0183499 -1.71858 0.00459626 0.018641 0.999816 74.1195 
0.998093 0.0615348 -0.00487596 -0.654784 -0.0616171 0.997918 -0.019067 -1.7672 0.00369252 0.0193311 0.999806 75.5218 
0.997788 0.0663718 -0.00360911 -0.694299 -0.066433 0.997572 -0.0209126 -1.79959 0.00221234 0.0211062 0.999775 76.9657 
0.997597 0.0692476 -0.00215625 -0.738951 -0.0692778 0.997374 -0.0211101 -1.86173 0.000688764 0.0212088 0.999775 78.3659 
0.997534 0.0701258 -0.00276408 -0.748036 -0.0701669 0.997339 -0.0197876 -1.96275 0.0013691 0.0199328 0.9998 79.8265 
0.997568 0.0696856 -0.00172418 -0.798577 -0.0697058 0.997387 -0.0190036 -2.05186 0.0003954 0.0190775 0.999818 81.2257 
0.99768 0.068074 -0.00104426 -0.844297 -0.0680813 0.997486 -0.019649 -2.10029 -0.000295947 0.0196745 0.999806 82.6177 
0.997638 0.0686897 -0.000778208 -0.875656 -0.0686916 0.997443 -0.0197195 -2.15332 -0.000578309 0.0197264 0.999805 84.025 
0.997604 0.0691668 -0.00165979 -0.862334 -0.0691859 0.997424 -0.0189637 -2.22817 0.000343858 0.0190331 0.999819 85.454 
0.997598 0.0692352 -0.00239013 -0.874517 -0.0692677 0.997425 -0.0185688 -2.30661 0.00109836 0.0186898 0.999825 86.866 
0.997562 0.0697231 -0.00281871 -0.902492 -0.069764 0.997384 -0.0189101 -2.33341 0.00149287 0.0190606 0.999817 88.2475 
0.99758 0.0693768 -0.00464177 -0.895957 -0.0694468 0.997438 -0.0171543 -2.42795 0.00343977 0.0174351 0.999842 89.697 
0.997725 0.0671647 -0.00579192 -0.909649 -0.0672531 0.997596 -0.0167354 -2.4507 0.00465397 0.0170868 0.999843 91.126 
0.99779 0.066054 -0.00716237 -0.935262 -0.0661659 0.997669 -0.0167111 -2.49573 0.00604184 0.017148 0.999835 92.5237 
0.99786 0.0650229 -0.00688402 -0.994887 -0.0651312 0.997734 -0.0168872 -2.55548 0.00577036 0.0172995 0.999834 93.9508 
0.997923 0.0639725 -0.00753957 -1.01668 -0.0640964 0.99779 -0.0175329 -2.6025 0.00640128 0.0179798 0.999818 95.3929 
0.997892 0.0642993 -0.00877788 -1.0105 -0.0644438 0.997771 -0.0173061 -2.69743 0.00764555 0.0178353 0.999812 96.8392 
0.997833 0.0651402 -0.00927537 -1.02316 -0.0653003 0.997701 -0.0181482 -2.75607 0.00807186 0.0187146 0.999792 98.262 
0.997834 0.0651785 -0.00889712 -1.06032 -0.0653363 0.997687 -0.0187757 -2.80585 0.00765276 0.0193164 0.999784 99.6462 
0.997696 0.0672934 -0.00858353 -1.09466 -0.0674495 0.997534 -0.0194283 -2.85843 0.00725497 0.0199625 0.999774 101.039 
0.997539 0.0695324 -0.00898348 -1.0984 -0.0696959 0.99738 -0.0193908 -2.91133 0.00761165 0.0199692 0.999772 102.456 
0.997436 0.0709919 -0.00905323 -1.13304 -0.0711456 0.997304 -0.0179635 -2.96263 0.00775356 0.0185616 0.999798 103.837 
0.997295 0.0730693 -0.00797743 -1.18844 -0.0731897 0.997189 -0.0160244 -3.0378 0.00678411 0.016565 0.99984 105.179 
0.997327 0.0726934 -0.00740098 -1.23278 -0.0728047 0.997217 -0.0160828 -3.12582 0.00621126 0.0165786 0.999843 106.542 
0.99727 0.0735502 -0.00661991 -1.28037 -0.0736589 0.997121 -0.0180193 -3.18379 0.00527552 0.0184578 0.999816 107.903 
0.997312 0.073025 -0.00597335 -1.32997 -0.0731244 0.99715 -0.0185782 -3.24119 0.00459965 0.0189651 0.99981 109.243 
0.997455 0.0711111 -0.00514955 -1.38299 -0.0711853 0.997334 -0.0160443 -3.31955 0.0039949 0.0163701 0.999858 110.537 
0.997603 0.0690362 -0.00465275 -1.40894 -0.0690947 0.997514 -0.0138738 -3.37595 0.00368338 0.0141621 0.999893 111.894 
0.997701 0.0676841 -0.00342696 -1.44356 -0.0677224 0.997623 -0.0126939 -3.43759 0.00255964 0.0128968 0.999914 113.239 
0.997675 0.0681234 -0.00209808 -1.47595 -0.0681464 0.997573 -0.0142711 -3.48342 0.0011208 0.0143809 0.999896 114.606 
0.997551 0.0699255 -0.0015249 -1.49254 -0.0699409 0.997424 -0.0159169 -3.54674 0.000407978 0.0159846 0.999872 115.974 
0.997327 0.0730659 -0.000993155 -1.49546 -0.073072 0.997168 -0.0177912 -3.60816 -0.000309587 0.0178162 0.999841 117.36 
0.997067 0.0765124 0.00170205 -1.55399 -0.0764717 0.996922 -0.0172766 -3.65955 -0.00301868 0.0170958 0.999849 118.707 
0.996921 0.0783626 0.00293915 -1.57143 -0.0783076 0.996807 -0.0156387 -3.70685 -0.00415525 0.0153604 0.999873 120.075 
0.996898 0.0785698 0.00462951 -1.60801 -0.0785029 0.996826 -0.0132057 -3.76687 -0.00565239 0.0128013 0.999902 121.461 
0.996892 0.0785739 0.00570347 -1.63057 -0.0784948 0.99683 -0.0129744 -3.80409 -0.00670484 0.0124863 0.9999 122.79 
0.996821 0.0794084 0.0065359 -1.6367 -0.0793189 0.996765 -0.0129652 -3.86828 -0.0075443 0.0124055 0.999895 124.169 
0.996538 0.0827694 0.00787715 -1.65108 -0.0826436 0.996464 -0.0151435 -3.87481 -0.00910272 0.0144401 0.999854 125.612 
0.996315 0.085271 0.00926764 -1.6699 -0.0851293 0.996261 -0.0147356 -3.94916 -0.0104895 0.0138923 0.999848 127.024 
0.996231 0.0861068 0.0104158 -1.67556 -0.0859302 0.996167 -0.016357 -3.98083 -0.0117844 0.0154003 0.999812 128.42 
0.996047 0.0880302 0.0118779 -1.68799 -0.0878137 0.99598 -0.0176673 -4.02052 -0.0133854 0.0165544 0.999773 129.769 
0.996009 0.0883038 0.0130179 -1.68876 -0.0880629 0.995951 -0.0180428 -4.07556 -0.0145584 0.0168243 0.999752 131.145 
0.996037 0.0880016 0.0128905 -1.66486 -0.087781 0.995998 -0.0167787 -4.14281 -0.0143155 0.0155807 0.999776 132.544 
0.996061 0.0875292 0.0141739 -1.67176 -0.0873056 0.996058 -0.0156915 -4.21051 -0.0154915 0.0143922 0.999776 133.908 
0.996078 0.087308 0.0143632 -1.66836 -0.0870943 0.996089 -0.0148874 -4.28187 -0.0156068 0.0135781 0.999786 135.285 
0.996179 0.0858344 0.0160904 -1.71984 -0.085595 0.996217 -0.0150222 -4.31765 -0.0173189 0.0135875 0.999758 136.648 
0.996231 0.085405 0.0151907 -1.70021 -0.0851891 0.996262 -0.0143319 -4.37077 -0.016358 0.0129838 0.999782 138.019 
0.996252 0.085093 0.0155585 -1.72881 -0.0848748 0.996291 -0.0141851 -4.4325 -0.0167078 0.0128114 0.999778 139.382 
0.99631 0.0845428 0.0148205 -1.73516 -0.0843317 0.996335 -0.0143341 -4.48006 -0.015978 0.0130313 0.999787 140.764 
0.996334 0.0844479 0.0136609 -1.734 -0.0842615 0.99635 -0.013687 -4.53132 -0.0147668 0.0124857 0.999813 142.13 
0.996497 0.0827191 0.0122641 -1.7247 -0.0825514 0.996494 -0.0136085 -4.5772 -0.0133468 0.0125484 0.999832 143.488 
0.996474 0.0830843 0.0116906 -1.73338 -0.0829159 0.996455 -0.0142163 -4.61548 -0.0128303 0.0131969 0.999831 144.864 
0.996497 0.0829534 0.010588 -1.73015 -0.0827879 0.996451 -0.0152172 -4.65198 -0.0118127 0.0142873 0.999828 146.26 
0.996493 0.0830957 0.00987014 -1.74155 -0.0829382 0.996435 -0.0154194 -4.70912 -0.0111162 0.0145467 0.999832 147.623 
0.996691 0.0807425 0.00939002 -1.75191 -0.0805686 0.996593 -0.01762 -4.76257 -0.0107807 0.0168052 0.999801 148.996 
0.99712 0.0753878 0.00824004 -1.74239 -0.0752312 0.997005 -0.0179019 -4.81753 -0.00956495 0.0172305 0.999806 150.404 
0.997644 0.0682029 0.00745385 -1.743 -0.068079 0.997555 -0.0157723 -4.86329 -0.00851135 0.0152277 0.999848 151.8 
0.998049 0.0621518 0.00592212 -1.73922 -0.0620593 0.997964 -0.0146941 -4.9078 -0.00682333 0.0142979 0.999874 153.153 
0.998173 0.0601675 0.00553915 -1.75476 -0.0600595 0.998033 -0.0179474 -4.95272 -0.00660811 0.017582 0.999824 154.506 
0.998048 0.0621657 0.0058845 -1.74551 -0.0620229 0.997833 -0.0219545 -4.99406 -0.00723657 0.0215467 0.999742 155.912 
0.997789 0.0661377 0.0065422 -1.7414 -0.0659678 0.997546 -0.0234608 -5.06595 -0.00807779 0.0229774 0.999703 157.314 
0.997682 0.0676339 0.00753221 -1.73542 -0.0674278 0.997414 -0.0248901 -5.09889 -0.00919614 0.0243245 0.999662 158.719 
0.997853 0.0648565 0.00912464 -1.77056 -0.0646493 0.997678 -0.0214173 -5.16431 -0.0104925 0.0207814 0.999729 160.085 
0.998111 0.0607031 0.00945112 -1.74983 -0.0605169 0.997989 -0.0188751 -5.22321 -0.0105779 0.0182675 0.999777 161.515 
0.998343 0.0568653 0.00883702 -1.7237 -0.0567102 0.998247 -0.0169082 -5.29168 -0.00978302 0.016379 0.999818 162.899 
0.998401 0.0558404 0.00876768 -1.7203 -0.0556812 0.998296 -0.0174588 -5.33321 -0.00972765 0.0169427 0.999809 164.271 
0.998283 0.0576972 0.0101121 -1.73631 -0.0575246 0.998206 -0.016597 -5.3877 -0.0110516 0.0159868 0.999811 165.648 
0.998036 0.0615042 0.0119037 -1.77375 -0.0613063 0.997985 -0.0163303 -5.45043 -0.0128841 0.0155685 0.999796 167 
0.997732 0.0657798 0.0142723 -1.81866 -0.0654951 0.997661 -0.0195764 -5.45788 -0.0155266 0.0185972 0.999706 168.32 
0.99747 0.0694557 0.0151406 -1.82628 -0.0691385 0.997395 -0.0205495 -5.49994 -0.0165285 0.0194508 0.999674 169.667 
0.997376 0.0709226 0.0145002 -1.80192 -0.070655 0.997335 -0.018205 -5.59356 -0.0157527 0.0171328 0.999729 171.086 
0.997215 0.0734276 0.0130956 -1.77389 -0.07318 0.997147 -0.0184834 -5.66896 -0.0144154 0.0174736 0.999743 172.532 
0.997067 0.0756059 0.0118561 -1.75664 -0.0753546 0.996949 -0.0203734 -5.7532 -0.0133603 0.0194202 0.999722 174.008 
0.996557 0.0817618 0.0137454 -1.81109 -0.0814057 0.996374 -0.0247264 -5.74921 -0.0157172 0.0235223 0.9996 175.276 
0.996195 0.0859952 0.0141638 -1.83886 -0.0856111 0.995994 -0.0258037 -5.80377 -0.0163261 0.0244929 0.999567 176.643 
0.9958 0.0904211 0.0143828 -1.84458 -0.0900561 0.995641 -0.0242755 -5.87616 -0.0165151 0.0228783 0.999602 178.043 
0.995507 0.0934329 0.0153579 -1.84743 -0.0930841 0.995414 -0.0220449 -5.94426 -0.0173472 0.0205163 0.999639 179.44 
0.9954 0.0944134 0.0162927 -1.87736 -0.0940869 0.995368 -0.0197645 -5.99044 -0.0180833 0.0181407 0.999672 180.895 
0.995731 0.0910645 0.0150375 -1.85179 -0.0907858 0.995703 -0.0182801 -6.05126 -0.0166375 0.0168369 0.99972 182.324 
0.995877 0.0896174 0.0140579 -1.85136 -0.0893509 0.995827 -0.0185652 -6.09298 -0.015663 0.0172326 0.999729 183.726 
0.995863 0.0901 0.011757 -1.8263 -0.0898184 0.995701 -0.0226151 -6.14726 -0.0137441 0.0214655 0.999675 185.222 
0.995631 0.0927547 0.0107254 -1.83106 -0.0924336 0.995344 -0.0273158 -6.18653 -0.0132091 0.0262051 0.999569 186.645 
0.995057 0.0988001 0.010005 -1.85113 -0.0984904 0.99475 -0.0277715 -6.26442 -0.0126963 0.0266488 0.999564 188.116 
0.994624 0.103147 0.00915978 -1.85354 -0.10286 0.99431 -0.0276962 -6.30612 -0.0119645 0.0266051 0.999574 189.622 
0.994286 0.106368 0.00906251 -1.86266 -0.106108 0.994027 -0.0255078 -6.34464 -0.0117216 0.0244004 0.999634 191.111 
0.994241 0.106768 0.00924267 -1.87718 -0.10655 0.994074 -0.0215226 -6.45261 -0.0114858 0.0204138 0.999726 192.594 
0.994266 0.106447 0.010177 -1.90014 -0.106233 0.994147 -0.0196309 -6.52625 -0.012207 0.0184372 0.999755 194.029 
0.994375 0.105506 0.00930122 -1.86879 -0.105316 0.994259 -0.0189243 -6.58919 -0.0112444 0.0178382 0.999778 195.531 
0.994607 0.103266 0.00967068 -1.86995 -0.103075 0.994501 -0.0185522 -6.63865 -0.0115333 0.0174553 0.999781 197.008 
0.994793 0.101391 0.0103138 -1.87994 -0.101184 0.994688 -0.0189301 -6.67404 -0.0121784 0.017788 0.999768 198.455 
0.995017 0.0990558 0.0113648 -1.90223 -0.0988405 0.994938 -0.0181591 -6.71228 -0.013106 0.0169453 0.999771 199.918 
0.995385 0.0951435 0.0124918 -1.91528 -0.0949291 0.995343 -0.0167608 -6.76372 -0.0140283 0.0154976 0.999781 201.377 
0.995502 0.093937 0.0123042 -1.89353 -0.0937062 0.995434 -0.0181543 -6.79926 -0.0139534 0.0169197 0.999759 202.873 
0.9952 0.0970368 0.0126529 -1.90878 -0.0967277 0.995043 -0.023104 -6.84325 -0.0148322 0.0217692 0.999653 204.317 
0.994359 0.10532 0.0125475 -1.90193 -0.104933 0.994076 -0.0283336 -6.89265 -0.0154573 0.0268571 0.99952 205.787 
0.993128 0.116248 0.0135391 -1.91479 -0.115805 0.992822 -0.0298835 -6.92921 -0.0169158 0.0281103 0.999462 207.262 
0.992175 0.124025 0.0144048 -1.92378 -0.123621 0.991985 -0.0261553 -6.99962 -0.0175333 0.0241698 0.999554 208.724 
0.991999 0.125314 0.0153115 -1.93422 -0.124925 0.991872 -0.0241637 -7.06097 -0.0182151 0.0220576 0.999591 210.211 
0.992145 0.12417 0.015164 -1.93577 -0.123784 0.992015 -0.0241756 -7.11312 -0.0180448 0.0221086 0.999593 211.684 
0.992461 0.121716 0.0143709 -1.94656 -0.121352 0.992321 -0.0239467 -7.17291 -0.0171753 0.0220222 0.99961 213.158 
0.992587 0.120577 0.0152308 -1.98333 -0.120185 0.99245 -0.0244828 -7.23049 -0.0180679 0.0224708 0.999584 214.608 
0.99251 0.121292 0.0145778 -1.97643 -0.120907 0.992351 -0.0249131 -7.2905 -0.0174881 0.022964 0.999583 216.092 
0.992362 0.122506 0.0144718 -1.98502 -0.122123 0.992203 -0.0248704 -7.35119 -0.0174057 0.0229131 0.999586 217.581 
0.992178 0.123953 0.0147556 -1.99453 -0.123584 0.99205 -0.0237474 -7.42115 -0.0175819 0.0217381 0.999609 219.063 
0.992365 0.122427 0.0149251 -2.01005 -0.122055 0.99224 -0.0237079 -7.49269 -0.0177118 0.0217052 0.999608 220.531 
0.992284 0.123119 0.0146536 -2.00202 -0.122721 0.992113 -0.0255373 -7.54357 -0.0176822 0.023542 0.999566 222.044 
0.992391 0.122287 0.0143843 -1.99828 -0.121893 0.992212 -0.0256291 -7.61792 -0.0174064 0.0236807 0.999568 223.577 
0.992107 0.124643 0.0136927 -1.97498 -0.124234 0.991871 -0.027513 -7.64344 -0.0170107 0.0255947 0.999528 225.101 
0.991988 0.125647 0.0131672 -1.97565 -0.125245 0.991736 -0.0278209 -7.71429 -0.016554 0.0259489 0.999526 226.619 
0.991979 0.125775 0.0125671 -1.96771 -0.125389 0.991717 -0.0278465 -7.78561 -0.0159654 0.0260474 0.999533 228.162 
0.99179 0.127248 0.0126933 -1.99191 -0.126845 0.991509 -0.0286367 -7.83629 -0.0162295 0.0267915 0.999509 229.655 
0.991707 0.127917 0.0124479 -1.99752 -0.127522 0.991425 -0.0285437 -7.9103 -0.0159924 0.0267196 0.999515 231.201 
0.991627 0.128606 0.0116589 -1.98667 -0.128235 0.991338 -0.02838 -7.98583 -0.0152078 0.0266473 0.999529 232.741 
0.991761 0.127635 0.0109149 -1.97397 -0.127291 0.991473 -0.0279152 -8.07776 -0.0143848 0.0262959 0.999551 234.3 
0.991904 0.126536 0.0106961 -1.96903 -0.126196 0.99161 -0.028008 -8.152 -0.0141504 0.0264315 0.99955 235.879 
0.992046 0.125361 0.0113924 -2.00601 -0.125013 0.991777 -0.0273759 -8.23452 -0.0147306 0.025734 0.99956 237.406 
0.992166 0.12441 0.0113125 -1.99676 -0.124068 0.991904 -0.0270855 -8.29531 -0.0145906 0.0254698 0.999569 238.945 
0.992167 0.124382 0.0115372 -2.01633 -0.124041 0.991921 -0.0265953 -8.37685 -0.014752 0.0249559 0.99958 240.488 
0.992196 0.124228 0.0106847 -1.98166 -0.123901 0.991922 -0.0271894 -8.43287 -0.0139761 0.0256534 0.999573 242.04 
0.992037 0.125341 0.0123627 -2.0488 -0.124969 0.991785 -0.0273028 -8.52032 -0.0156833 0.0255404 0.999551 243.56 
0.991739 0.127556 0.0135655 -2.07376 -0.127151 0.991505 -0.0273939 -8.56709 -0.0169445 0.0254428 0.999533 245.123 
0.991742 0.127462 0.0141799 -2.08703 -0.127088 0.991583 -0.0247231 -8.65592 -0.0172118 0.0227168 0.999594 246.667 
0.991704 0.127744 0.0143128 -2.07167 -0.127384 0.99157 -0.0237237 -8.74732 -0.0172227 0.0217036 0.999616 248.194 
0.99155 0.128711 0.0161987 -2.10595 -0.128271 0.991405 -0.0257384 -8.79959 -0.0193722 0.0234431 0.999537 249.728 
0.991331 0.130347 0.0165285 -2.09641 -0.129848 0.99113 -0.0283067 -8.83207 -0.0200715 0.0259151 0.999463 251.29 
0.991232 0.131116 0.0163331 -2.0734 -0.130612 0.991014 -0.0288369 -8.878 -0.0199674 0.0264508 0.999451 252.851 
0.991273 0.130915 0.0154469 -2.05767 -0.130475 0.991091 -0.0267284 -8.99124 -0.0188085 0.0244797 0.999523 254.402 
0.991215 0.131486 0.0142637 -2.03736 -0.13109 0.991034 -0.0258133 -9.08918 -0.0175299 0.0237167 0.999565 255.952 
0.991103 0.13263 0.0111627 -1.94735 -0.132294 0.990849 -0.0267827 -9.16711 -0.0146127 0.0250676 0.999579 257.548 
0.990871 0.134579 0.00790979 -1.87261 -0.134338 0.990604 -0.0256136 -9.28347 -0.0112825 0.0243172 0.999641 259.154 
0.990686 0.135831 0.00950345 -1.92894 -0.135552 0.990441 -0.025553 -9.35089 -0.0128835 0.0240268 0.999628 260.695 
0.990387 0.138081 0.00816819 -1.90082 -0.137825 0.990107 -0.0262958 -9.41636 -0.0117183 0.0249173 0.999621 262.299 
0.990373 0.138176 0.00825301 -1.90251 -0.137904 0.990065 -0.0274606 -9.46271 -0.0119654 0.0260581 0.999589 263.846 
0.990446 0.137547 0.00991813 -1.93973 -0.137223 0.990141 -0.0281067 -9.50379 -0.0136863 0.0264771 0.999556 265.402 
0.990599 0.136497 0.00911731 -1.92178 -0.136201 0.990296 -0.0276259 -9.58256 -0.0127997 0.0261244 0.999577 266.987 
0.990598 0.136602 0.00748584 -1.89797 -0.136336 0.990245 -0.0287583 -9.65375 -0.0113413 0.0274673 0.999558 268.57 
0.990675 0.136058 0.00718503 -1.90283 -0.135779 0.990266 -0.0306154 -9.70718 -0.0112806 0.0293544 0.999505 270.136 
0.9908 0.135164 0.00676829 -1.88089 -0.134897 0.990382 -0.0307576 -9.74647 -0.0108605 0.0295616 0.999504 271.708 
0.991071 0.133199 0.00602952 -1.86118 -0.13297 0.990688 -0.0292698 -9.82189 -0.00987209 0.0282067 0.999553 273.307 
0.99112 0.132872 0.00519105 -1.84543 -0.13265 0.990677 -0.0310436 -9.87522 -0.00926746 0.0300793 0.999505 274.892 
0.991269 0.131754 0.00511718 -1.84546 -0.131525 0.990791 -0.0321522 -9.9477 -0.00930625 0.0311984 0.99947 276.478 
0.99113 0.132775 0.00566384 -1.85973 -0.132525 0.990648 -0.0324575 -10.0274 -0.00992043 0.031419 0.999457 278.034 
0.990716 0.135795 0.00648348 -1.87114 -0.135522 0.990256 -0.0320571 -10.1174 -0.0107735 0.0308808 0.999465 279.6 
0.99045 0.137689 0.00708701 -1.88824 -0.137388 0.989976 -0.0327549 -10.187 -0.0115259 0.0314684 0.999438 281.171 
0.990263 0.138987 0.00792392 -1.90046 -0.138659 0.989797 -0.0327844 -10.2733 -0.0123997 0.0313665 0.999431 282.729 
0.99026 0.139017 0.00767092 -1.89923 -0.138689 0.98977 -0.033472 -10.3316 -0.0122456 0.0320822 0.99941 284.302 
0.990165 0.139642 0.00853337 -1.92029 -0.139274 0.989658 -0.0343596 -10.4127 -0.0132432 0.0328332 0.999373 285.88 
0.990179 0.139534 0.00868901 -1.92363 -0.139158 0.989666 -0.0345755 -10.5179 -0.0134237 0.0330268 0.999364 287.506 
0.990259 0.138916 0.00947327 -1.9277 -0.138519 0.989767 -0.0342698 -10.593 -0.0141369 0.0326237 0.999368 289.056 
0.990346 0.138311 0.00921856 -1.90997 -0.13794 0.98989 -0.0330202 -10.7019 -0.0136924 0.0314298 0.999412 290.634 
0.990439 0.137686 0.00852454 -1.88413 -0.137344 0.989991 -0.0324892 -10.8085 -0.0129125 0.0310078 0.999436 292.151 
0.990417 0.137881 0.00791065 -1.8677 -0.137517 0.989853 -0.035773 -10.8698 -0.0127628 0.0343424 0.999329 293.74 
0.990581 0.136777 0.00649794 -1.84617 -0.136433 0.989908 -0.0383125 -10.9459 -0.0116726 0.037065 0.999245 295.354 
0.990441 0.137843 0.00513725 -1.8432 -0.137544 0.989736 -0.038794 -11.0291 -0.010432 0.0377165 0.999234 296.944 
0.990539 0.137137 0.00509957 -1.88277 -0.13684 0.989835 -0.0387482 -11.113 -0.0103615 0.0376837 0.999236 298.443 
0.990252 0.139215 0.00445096 -1.90615 -0.138928 0.989491 -0.0400895 -11.1848 -0.00998525 0.0390804 0.999186 300.029 
0.990358 0.138481 0.0037913 -1.9245 -0.138212 0.989556 -0.0409389 -11.2504 -0.00942096 0.0400201 0.999154 301.678 
0.990379 0.138333 0.0036864 -1.96304 -0.138068 0.989571 -0.04107 -11.3157 -0.00932931 0.0401659 0.999149 303.211 
0.990362 0.138489 0.00201526 -1.95663 -0.138293 0.989554 -0.0407161 -11.4086 -0.00763293 0.0400449 0.999169 304.789 
0.990472 0.137706 0.00154001 -2.01479 -0.137531 0.989667 -0.0405449 -11.4662 -0.00710737 0.0399468 0.999177 306.433 
0.990145 0.140046 0.000819791 -2.02882 -0.139907 0.989394 -0.0390509 -11.5801 -0.00628002 0.0385514 0.999237 308.084 
0.989997 0.14107 0.00232632 -2.08485 -0.140863 0.989212 -0.0402202 -11.6287 -0.00797508 0.0394902 0.999188 309.691 
0.989985 0.141137 0.00312863 -2.11205 -0.140888 0.989158 -0.0414471 -11.6913 -0.00894442 0.0405912 0.999136 311.297 
0.990149 0.13999 0.00268932 -2.09757 -0.139742 0.989231 -0.0435179 -11.7362 -0.00875241 0.0427134 0.999049 312.97 
0.990311 0.138862 0.0014271 -2.07486 -0.138655 0.989302 -0.0453442 -11.8058 -0.0077084 0.044707 0.99897 314.604 
0.990496 0.137539 0.00129716 -2.07199 -0.13731 0.989311 -0.0490978 -11.8564 -0.00803614 0.048453 0.998793 316.253 
0.990491 0.137574 0.00125287 -2.0981 -0.137344 0.989285 -0.0495231 -11.9717 -0.00805257 0.0488801 0.998772 317.89 
0.990257 0.139247 -0.00146701 -2.10399 -0.139136 0.988926 -0.0516464 -12.0485 -0.00574083 0.0513473 0.998664 319.527 
0.98994 0.141437 -0.00372854 -2.1406 -0.14144 0.988598 -0.0516544 -12.1336 -0.00361983 0.0516621 0.998658 321.159 
0.989649 0.143441 -0.0044035 -2.16117 -0.143484 0.988442 -0.0489281 -12.2408 -0.00266569 0.0490534 0.998793 322.833 
0.989824 0.142223 -0.0045247 -2.16892 -0.142278 0.988719 -0.046825 -12.3516 -0.00218595 0.0469923 0.998893 324.526 
0.989853 0.142017 -0.0047544 -2.18231 -0.142082 0.988709 -0.0476127 -12.4244 -0.00206112 0.0478051 0.998855 326.214 
0.989935 0.141425 -0.0052115 -2.20139 -0.141509 0.98871 -0.04928 -12.5247 -0.00181675 0.0495215 0.998771 327.89 
0.990115 0.140181 -0.00455406 -2.22745 -0.140233 0.988858 -0.0499542 -12.633 -0.00249932 0.050099 0.998741 329.604 
0.990015 0.140904 -0.00393413 -2.27949 -0.140924 0.98877 -0.0497433 -12.7482 -0.00311905 0.049801 0.998754 331.239 
0.989886 0.141796 -0.00434774 -2.28202 -0.141834 0.9886 -0.0505204 -12.8541 -0.00286541 0.0506261 0.998714 332.929 
0.989816 0.142275 -0.00461151 -2.30045 -0.142323 0.988481 -0.0514661 -12.9796 -0.00276395 0.0515983 0.998664 334.612 
0.989555 0.144099 -0.00414411 -2.33388 -0.144117 0.988171 -0.0524158 -13.0876 -0.00345799 0.0524655 0.998617 336.278 
0.989942 0.141428 -0.00351893 -2.3639 -0.141427 0.988704 -0.0496341 -13.2274 -0.00354047 0.0496326 0.998761 337.954 
0.990258 0.139226 -0.00250517 -2.40256 -0.139184 0.989098 -0.0480851 -13.3565 -0.00421682 0.0479653 0.99884 339.62 
0.990429 0.137986 -0.0031202 -2.41889 -0.137974 0.989248 -0.0484998 -13.4804 -0.00360565 0.0484661 0.998818 341.313 
0.990199 0.139613 -0.00375497 -2.43352 -0.13963 0.989014 -0.0485331 -13.6004 -0.00306215 0.0485817 0.998815 342.991 
0.989849 0.142037 -0.00493324 -2.44696 -0.142105 0.988574 -0.0502801 -13.7157 -0.00226477 0.0504707 0.998723 344.626 
0.989565 0.143941 -0.006505 -2.46078 -0.144082 0.988126 -0.0533565 -13.8278 -0.00125242 0.053737 0.998554 346.296 
0.989359 0.145318 -0.00718866 -2.49735 -0.145494 0.987925 -0.0532549 -13.9365 -0.000637046 0.0537341 0.998555 347.948 
0.989146 0.146778 -0.00678586 -2.57121 -0.146933 0.987894 -0.0497605 -14.0517 -0.000600029 0.0502174 0.998738 349.521 
0.988879 0.148517 -0.00781404 -2.60718 -0.148721 0.987745 -0.047344 -14.1629 0.000686905 0.0479796 0.998848 351.166 
0.98867 0.149838 -0.00896237 -2.64564 -0.150099 0.987438 -0.0493549 -14.2606 0.00145455 0.050141 0.998741 352.819 
0.98884 0.148587 -0.0108208 -2.67282 -0.148948 0.987535 -0.0508817 -14.3688 0.00312553 0.0519256 0.998646 354.403 
0.988964 0.147598 -0.0128207 -2.69818 -0.14806 0.987709 -0.050099 -14.4736 0.00526857 0.0514444 0.998662 356.081 
0.989123 0.14661 -0.0119035 -2.79448 -0.147023 0.987894 -0.0494935 -14.5836 0.0045032 0.0507053 0.998704 357.714 
0.989144 0.146457 -0.0120652 -2.84607 -0.146882 0.98788 -0.0501882 -14.6974 0.00456855 0.0514155 0.998667 359.304 
0.989099 0.146781 -0.0118 -2.9093 -0.147198 0.98777 -0.0514128 -14.8077 0.0041092 0.0525893 0.998608 360.936 
0.988987 0.147503 -0.0121145 -2.94184 -0.147938 0.98762 -0.0521568 -14.9091 0.00427128 0.0533746 0.998565 362.587 
0.98898 0.147585 -0.0117044 -2.99082 -0.148 0.987586 -0.0526262 -15.024 0.00379231 0.0537785 0.998546 364.243 
0.989048 0.147138 -0.0115666 -3.0322 -0.147549 0.987615 -0.0533537 -15.1349 0.00357302 0.054476 0.998509 365.835 
0.989044 0.147197 -0.0112166 -3.08012 -0.147589 0.987607 -0.0533907 -15.2697 0.00321861 0.0544612 0.998511 367.459 
0.989033 0.14728 -0.0110671 -3.11911 -0.147664 0.987596 -0.0533863 -15.3866 0.0030671 0.054435 0.998513 369.102 
0.989015 0.147455 -0.0103426 -3.17801 -0.147799 0.987563 -0.0536083 -15.5134 0.0023092 0.054548 0.998508 370.688 
0.989255 0.145819 -0.010526 -3.20956 -0.146178 0.987743 -0.0547245 -15.6322 0.0024171 0.0556751 0.998446 372.295 
0.989446 0.144557 -0.00995303 -3.26356 -0.144882 0.988039 -0.0527985 -15.7515 0.00220159 0.0536833 0.998556 373.89 
0.98955 0.143804 -0.0105134 -3.29504 -0.14416 0.988147 -0.0527638 -15.8641 0.00280116 0.0537281 0.998552 375.555 
0.989484 0.144162 -0.011765 -3.29729 -0.144594 0.987959 -0.0550434 -15.9555 0.00368819 0.0561658 0.998415 377.195 
0.989247 0.145743 -0.0122312 -3.31653 -0.146201 0.9877 -0.0554498 -16.0844 0.00399928 0.0566417 0.998387 378.821 
0.988888 0.148119 -0.0127155 -3.34535 -0.148598 0.987377 -0.0548207 -16.1981 0.004435 0.056101 0.998415 380.461 
0.988734 0.149114 -0.0130744 -3.37591 -0.149606 0.987289 -0.0536568 -16.3286 0.00490724 0.0550083 0.998474 382.117 
0.98862 0.149827 -0.0135154 -3.40556 -0.150338 0.987215 -0.0529576 -16.4565 0.00540811 0.0543868 0.998505 383.737 
0.988647 0.149583 -0.0141837 -3.42865 -0.15014 0.987162 -0.0544934 -16.5648 0.00585027 0.0560043 0.998413 385.379 
0.988308 0.15183 -0.0139421 -3.46973 -0.152375 0.986769 -0.0554031 -16.6742 0.00534577 0.0568798 0.998367 387.034 
0.988131 0.15295 -0.014247 -3.50519 -0.153512 0.986582 -0.0555965 -16.7932 0.00555228 0.0571237 0.998352 388.697 
0.987654 0.15608 -0.0134007 -3.56355 -0.156592 0.986052 -0.0563936 -16.8945 0.00441189 0.0577958 0.998319 390.312 
0.98739 0.157739 -0.0133839 -3.61284 -0.158249 0.985757 -0.056928 -16.9962 0.00421357 0.0583281 0.998289 391.989 
0.987105 0.159595 -0.0123976 -3.68567 -0.16005 0.985366 -0.0586273 -17.0982 0.00285956 0.0598555 0.998203 393.648 
0.986953 0.160481 -0.0130488 -3.71287 -0.160975 0.985197 -0.0589372 -17.2333 0.0033973 0.0602688 0.998176 395.296 
0.986736 0.161775 -0.0134667 -3.75038 -0.162292 0.984977 -0.0589999 -17.3603 0.0037197 0.0604028 0.998167 396.962 
0.986444 0.163552 -0.0134076 -3.79024 -0.164062 0.984693 -0.0588578 -17.474 0.00357601 0.0602595 0.998176 398.601 
0.986461 0.163573 -0.011789 -3.87526 -0.163984 0.984754 -0.0580398 -17.5937 0.00211547 0.0591872 0.998245 400.227 
0.986199 0.165156 -0.0115902 -3.9328 -0.165553 0.984458 -0.0585977 -17.7175 0.00173232 0.0597078 0.998214 401.889 
0.98593 0.166734 -0.0119031 -3.96213 -0.167148 0.984168 -0.0589551 -17.8376 0.00188476 0.0601152 0.99819 403.524 
