1.000000000 0.000000000 0.000000000 0.000000000 0.000000000 1.000000000 0.000000000 0.000000000 0.000000000 0.000000000 1.000000000 0.000000000
1.000000000 0.000061498 0.000022954 -0.001480396 -0.000061498 1.000000000 -0.000012798 0.000371557 -0.000022954 0.000012796 1.000000000 -0.002301138
0.999994934 -0.000821460 -0.003056382 0.013333207 0.000833529 0.999991834 0.003949644 -0.080056235 0.003053111 -0.003952172 0.999987483 0.787230074
0.999989510 -0.002370500 -0.003914824 0.018326730 0.002386337 0.999988973 0.004045525 -0.096413821 0.003905191 -0.004054824 0.999984145 2.140391827
0.999983609 -0.003694090 -0.004380160 0.020036027 0.003705665 0.999989569 0.002637176 -0.102317259 0.004370373 -0.002653364 0.999986947 3.498690128
0.999982238 -0.003795183 -0.004583646 0.017527167 0.003808822 0.999988437 0.002970770 -0.123583920 0.004572317 -0.002988177 0.999985099 4.853986740
0.999978900 -0.004322312 -0.004836186 0.019063724 0.004341324 0.999982834 0.003927333 -0.142637581 0.004819129 -0.003948245 0.999980569 6.224623680
0.999972522 -0.005635062 -0.004821646 0.007348455 0.005658952 0.999971807 0.004955399 -0.154506117 0.004793586 -0.004982550 0.999976099 7.581473351
0.999975383 -0.005097714 -0.004822119 -0.003767889 0.005124401 0.999971509 0.005538247 -0.173503816 0.004793748 -0.005562821 0.999973059 8.932885170
0.999977171 -0.004313495 -0.005194930 -0.014904276 0.004333022 0.999983490 0.003753143 -0.191724271 0.005178657 -0.003775567 0.999979436 10.263779640
0.999984026 -0.001192838 -0.005523474 -0.022974264 0.001202158 0.999997854 0.001684212 -0.209185660 0.005521453 -0.001690825 0.999983311 11.627761841
0.999984324 0.002310578 -0.005083574 -0.051697053 -0.002305464 0.999996841 0.001011568 -0.230929285 0.005085895 -0.000999833 0.999986589 12.960822105
0.999972761 0.004495820 -0.005858466 -0.050264802 -0.004492613 0.999989688 0.000560524 -0.245915473 0.005860926 -0.000534189 0.999982595 14.333574295
0.999971688 0.004953829 -0.005662597 -0.062334485 -0.004944873 0.999986470 0.001594624 -0.272944838 0.005670419 -0.001566578 0.999982715 15.700368881
0.999985874 0.001971422 -0.004921528 -0.089781269 -0.001951834 0.999990165 0.003981653 -0.288073689 0.004929329 -0.003971991 0.999979973 17.039417267
0.999988437 -0.002138411 -0.004306286 -0.110593125 0.002164001 0.999979913 0.005946637 -0.306270659 0.004293484 -0.005955886 0.999972999 18.393674850
0.999981284 -0.003602651 -0.004934156 -0.113895968 0.003622140 0.999985576 0.003946503 -0.321646988 0.004919867 -0.003964301 0.999980032 19.758642197
0.999977410 -0.004570073 -0.004925158 -0.133918315 0.004581373 0.999986887 0.002285440 -0.341984570 0.004914649 -0.002307953 0.999985278 21.106304169
0.999986351 -0.002596009 -0.004555324 -0.145381093 0.002599922 0.999996245 0.000853434 -0.363976777 0.004553092 -0.000865266 0.999989271 22.484832764
0.999994695 0.000498100 -0.003220642 -0.176391035 -0.000488492 0.999995351 0.002983431 -0.381814569 0.003222113 -0.002981842 0.999990284 23.848054886
0.999994516 0.001675127 -0.002861544 -0.173726380 -0.001657035 0.999978662 0.006313244 -0.386792243 0.002872059 -0.006308467 0.999975920 25.262083054
0.999995887 -0.000484256 -0.002826338 -0.176385775 0.000508051 0.999964356 0.008424456 -0.396145761 0.002822157 -0.008425856 0.999960542 26.640192032
0.999987245 -0.004013852 -0.003050166 -0.181780159 0.004033610 0.999970734 0.006499244 -0.408192277 0.003023989 -0.006511464 0.999974251 28.034893036
0.999986172 -0.004172358 -0.003192138 -0.184740052 0.004186133 0.999981880 0.004321009 -0.424032450 0.003174051 -0.004334311 0.999985576 29.428516388
0.999989748 -0.003820612 -0.002426376 -0.193928301 0.003825705 0.999990463 0.002097593 -0.440419257 0.002418339 -0.002106854 0.999994814 30.826026917
0.999998391 -0.000144670 -0.001798743 -0.201972246 0.000147546 0.999998629 0.001598901 -0.463098049 0.001798510 -0.001599163 0.999997079 32.229461670
0.999998629 0.000815945 -0.001447202 -0.219829291 -0.000816805 0.999999464 -0.000593591 -0.481400192 0.001446717 0.000594773 0.999998748 33.614868164
0.999994814 0.002997536 -0.001161911 -0.234751254 -0.002997183 0.999995470 0.000305528 -0.504836917 0.001162822 -0.000302044 0.999999285 35.012832642
0.999984562 0.005411182 -0.001265531 -0.232214898 -0.005409455 0.999984443 0.001363404 -0.507047474 0.001272889 -0.001356537 0.999998271 36.451045990
0.999975383 0.006935064 -0.001056915 -0.260310829 -0.006931738 0.999971032 0.003120355 -0.533265948 0.001078524 -0.003112952 0.999994576 37.842464447
0.999951303 0.009836969 -0.000800664 -0.271761775 -0.009834013 0.999945045 0.003617130 -0.554060400 0.000836202 -0.003609080 0.999993086 39.249809265
0.999924481 0.012267133 -0.000667518 -0.281872988 -0.012264731 0.999918640 0.003490990 -0.577492476 0.000710289 -0.003482539 0.999993682 40.654850006
0.999903381 0.013885305 -0.000693493 -0.303461283 -0.013882017 0.999893308 0.004543480 -0.610350847 0.000756507 -0.004533413 0.999989450 42.043762207
0.999897063 0.014298272 -0.001176654 -0.305498123 -0.014293017 0.999888301 0.004358795 -0.623084426 0.001238846 -0.004341528 0.999989748 43.466369629
0.999917805 0.012719040 -0.001624756 -0.317427665 -0.012710668 0.999906421 0.005063877 -0.657384634 0.001689012 -0.005042809 0.999985814 44.882812500
0.999930561 0.011500720 -0.002548513 -0.324867815 -0.011487828 0.999921441 0.005017319 -0.683005691 0.002606015 -0.004987694 0.999984145 46.276424408
0.999940157 0.010235338 -0.003844073 -0.337709427 -0.010212701 0.999930620 0.005863184 -0.714789510 0.003903817 -0.005823575 0.999975443 47.698200226
0.999940753 0.009941265 -0.004429666 -0.357175350 -0.009910476 0.999926925 0.006919164 -0.729762554 0.004498129 -0.006874852 0.999966204 49.128475189
0.999932885 0.009880447 -0.006037231 -0.355195224 -0.009841105 0.999930382 0.006511954 -0.749043584 0.006101152 -0.006452104 0.999960601 50.577869415
0.999909461 0.011339777 -0.007240796 -0.356746435 -0.011286844 0.999909580 0.007309870 -0.766186714 0.007323034 -0.007227483 0.999947011 52.061969757
0.999947071 0.007006996 -0.007527180 -0.585102022 -0.006930540 0.999924600 0.010135842 -0.713764369 0.007597635 -0.010083141 0.999920309 54.002696991
0.999950767 0.005616932 -0.008181300 -0.601106286 -0.005532794 0.999931872 0.010270889 -0.722326100 0.008238434 -0.010225116 0.999913812 55.459972382
0.999957383 0.003239787 -0.008643028 -0.610288620 -0.003157775 0.999949992 0.009485628 -0.731700480 0.008673328 -0.009457930 0.999917686 56.910846710
0.999960303 0.002368744 -0.008588471 -0.633674920 -0.002279873 0.999943852 0.010342886 -0.749265969 0.008612489 -0.010322896 0.999909639 58.343032837
0.999968708 0.001478279 -0.007782607 -0.653833270 -0.001394179 0.999940634 0.010800432 -0.754500091 0.007798112 -0.010789244 0.999911427 59.777938843
0.999971509 -0.000579834 -0.007522190 -0.663448393 0.000669791 0.999928176 0.011961918 -0.773553610 0.007514714 -0.011966618 0.999900162 61.239467621
0.999971032 -0.002170712 -0.007296463 -0.671784699 0.002255647 0.999929488 0.011652652 -0.785469174 0.007270655 -0.011668773 0.999905467 62.681697845
0.999967098 -0.003959387 -0.007074704 -0.679400206 0.004035103 0.999934375 0.010720266 -0.795707285 0.007031795 -0.010748461 0.999917507 64.124748230
0.999974012 -0.003137185 -0.006492724 -0.691503286 0.003202936 0.999943376 0.010141435 -0.801535249 0.006460541 -0.010161966 0.999927521 65.563186646
0.999982953 -0.001538378 -0.005623985 -0.706828833 0.001594058 0.999949634 0.009909428 -0.813818097 0.005608457 -0.009918223 0.999935031 66.995895386
0.999986410 0.001361102 -0.005031861 -0.724001765 -0.001304026 0.999934912 0.011328851 -0.825414538 0.005046953 -0.011322133 0.999923170 68.443161011
0.999978900 0.004986868 -0.004158820 -0.744216740 -0.004933755 0.999907374 0.012685128 -0.836407840 0.004221695 -0.012664342 0.999910891 69.865364075
0.999951422 0.009240688 -0.003418253 -0.761621654 -0.009194904 0.999870837 0.013175542 -0.847050130 0.003539563 -0.013143471 0.999907315 71.300964355
0.999909103 0.013213187 -0.002725400 -0.782587707 -0.013177641 0.999832869 0.012672697 -0.855284870 0.002892392 -0.012635628 0.999915957 72.716590881
0.999868393 0.016054114 -0.002327354 -0.796411037 -0.016023966 0.999794245 0.012439139 -0.872968972 0.002526575 -0.012400209 0.999919951 74.121017456
0.999842107 0.017736785 -0.001065384 -0.811801612 -0.017723205 0.999775290 0.011631981 -0.874493897 0.001271458 -0.011611265 0.999931753 75.538452148
0.999830842 0.018371170 -0.000824828 -0.814566314 -0.018360250 0.999762833 0.011713631 -0.879028082 0.001039826 -0.011696507 0.999931037 76.966033936
0.999867380 0.016230281 -0.001360350 -0.817871392 -0.016212292 0.999792516 0.012326188 -0.907465219 0.001560125 -0.012302500 0.999923050 78.340843201
0.999886990 0.014723092 -0.003048550 -0.807718396 -0.014683061 0.999810755 0.012762294 -0.936429739 0.003235874 -0.012716091 0.999913931 79.733489990
0.999892354 0.014488351 -0.002297654 -0.822513461 -0.014459824 0.999823689 0.011980307 -0.935666502 0.002470823 -0.011945796 0.999925613 81.169219971
0.999891281 0.014358715 -0.003358954 -0.808264971 -0.014318821 0.999829888 0.011614011 -0.934223711 0.003525146 -0.011564652 0.999926865 82.610237122
0.999889910 0.014295302 -0.003959406 -0.809329152 -0.014250078 0.999835491 0.011224058 -0.939893126 0.004119206 -0.011166400 0.999929190 84.021194458
0.999888182 0.014238037 -0.004564737 -0.826614022 -0.014185353 0.999834716 0.011373553 -0.946811914 0.004725920 -0.011307531 0.999924898 85.452293396
0.999891341 0.013576297 -0.005734977 -0.837009072 -0.013505704 0.999834597 0.012174004 -0.951956034 0.005899307 -0.012095228 0.999909461 86.861152649
0.999909580 0.011524525 -0.006924606 -0.845503986 -0.011433229 0.999849081 0.013082244 -0.959632993 0.007074328 -0.013001891 0.999890447 88.290367126
0.999919534 0.009636970 -0.008248954 -0.853923440 -0.009525598 0.999864340 0.013435540 -0.966203213 0.008377312 -0.013355883 0.999875724 89.695335388
0.999929667 0.007698956 -0.009020450 -0.862882853 -0.007575600 0.999878347 0.013630392 -0.975188136 0.009124293 -0.013561101 0.999866366 91.086776733
0.999930859 0.006137989 -0.010022453 -0.861159801 -0.006008252 0.999898553 0.012923725 -0.978298783 0.010100760 -0.012862616 0.999866247 92.512649536
0.999933004 0.005253872 -0.010305790 -0.881446779 -0.005128541 0.999912977 0.012150302 -0.979722738 0.010368733 -0.012096635 0.999873042 93.903022766
0.999927521 0.005920264 -0.010482415 -0.893951178 -0.005799526 0.999916911 0.011511245 -0.985710382 0.010549694 -0.011449621 0.999878764 95.302963257
0.999928057 0.005902063 -0.010434353 -0.908421874 -0.005786588 0.999921978 0.011062521 -0.998264074 0.010498831 -0.011001348 0.999884307 96.694328308
0.999923110 0.007218502 -0.010074411 -0.930965960 -0.007117391 0.999924302 0.010036456 -1.003501654 0.010146096 -0.009963983 0.999898851 98.078079224
0.999916315 0.008359687 -0.009869796 -0.949072182 -0.008259386 0.999914229 0.010160058 -1.013111591 0.009953883 -0.010077692 0.999899626 99.449142456
0.999914587 0.008521511 -0.009908946 -0.960984707 -0.008406052 0.999896884 0.011635812 -1.022773027 0.010007080 -0.011551524 0.999883175 100.816329956
0.999902427 0.009969088 -0.009783553 -0.985055029 -0.009841964 0.999867558 0.012956915 -1.031304717 0.009911427 -0.012859364 0.999868155 102.182998657
0.999906957 0.009825784 -0.009465040 -1.005934119 -0.009720351 0.999890924 0.011121565 -1.036480308 0.009573285 -0.011028528 0.999893308 103.535301208
0.999906719 0.009485982 -0.009826606 -1.011894703 -0.009399324 0.999916911 0.008827663 -1.048034191 0.009909526 -0.008734476 0.999912798 104.892936707
0.999911487 0.008617324 -0.010136148 -1.035529494 -0.008537877 0.999932826 0.007855185 -1.062634826 0.010203156 -0.007767950 0.999917746 106.245231628
0.999935448 0.005891598 -0.009722129 -1.053004861 -0.005797858 0.999936700 0.009642147 -1.078498363 0.009778320 -0.009585158 0.999906182 107.606544495
0.999941528 0.004511245 -0.009819212 -1.060227513 -0.004407123 0.999934077 0.010599826 -1.080755949 0.009866383 -0.010555931 0.999895632 108.960403442
0.999955595 0.003181772 -0.008864648 -1.076356411 -0.003083973 0.999934554 0.011024358 -1.089877129 0.008899144 -0.010996531 0.999899983 110.303634644
0.999963820 0.001996190 -0.008283643 -1.090271354 -0.001914495 0.999949574 0.009858384 -1.104642272 0.008302904 -0.009842166 0.999917030 111.654609680
0.999962449 0.004179666 -0.007590125 -1.105949998 -0.004123297 0.999963999 0.007427120 -1.113048792 0.007620894 -0.007395544 0.999943614 113.002952576
0.999961197 0.005799301 -0.006635100 -1.123021603 -0.005763189 0.999968529 0.005448589 -1.128798723 0.006666488 -0.005410137 0.999963105 114.336868286
0.999945223 0.008908038 -0.005495782 -1.137192369 -0.008878959 0.999946594 0.005292627 -1.140222549 0.005542636 -0.005243541 0.999970913 115.681877136
0.999941945 0.009937252 -0.004164087 -1.149225116 -0.009905880 0.999922872 0.007487990 -1.158491373 0.004238176 -0.007446308 0.999963284 117.028305054
0.999940813 0.010251426 -0.003628472 -1.148324013 -0.010215173 0.999899030 0.009872480 -1.172459364 0.003729313 -0.009834830 0.999944687 118.391868591
0.999949217 0.009680486 -0.002804354 -1.153846264 -0.009650624 0.999898493 0.010473316 -1.183606029 0.002905457 -0.010445721 0.999941170 119.751541138
0.999948204 0.010030145 -0.001715932 -1.165202975 -0.010013280 0.999904037 0.009568974 -1.187330127 0.001811746 -0.009551298 0.999952734 121.106849670
0.999934793 0.011384192 -0.000863266 -1.162089467 -0.011375614 0.999891400 0.009364842 -1.201644182 0.000969784 -0.009354410 0.999955773 122.471427917
0.999905527 0.013729853 0.000509494 -1.172004461 -0.013733790 0.999867260 0.008752258 -1.205759883 -0.000389260 -0.008758429 0.999961555 123.838188171
0.999899566 0.014103785 0.001406163 -1.176435113 -0.014114448 0.999869227 0.007886453 -1.216386080 -0.001294750 -0.007905507 0.999967873 125.206398010
0.999879599 0.015370954 0.002100828 -1.176838994 -0.015385782 0.999855459 0.007235066 -1.227341652 -0.001989314 -0.007266519 0.999971628 126.581398010
0.999887288 0.014645456 0.003302997 -1.173100710 -0.014667921 0.999868751 0.006882979 -1.239085436 -0.003201759 -0.006930651 0.999970853 127.951118469
0.999893606 0.013946253 0.004257714 -1.182505608 -0.013979392 0.999871433 0.007855088 -1.248969197 -0.004147618 -0.007913774 0.999960005 129.325607300
0.999918044 0.011951865 0.004576865 -1.179642200 -0.011992198 0.999888599 0.008888657 -1.269826770 -0.004470119 -0.008942816 0.999949932 130.641952515
0.999926805 0.011193152 0.004582341 -1.177564383 -0.011236059 0.999892116 0.009447398 -1.282413363 -0.004476101 -0.009498193 0.999944866 131.997467041
0.999948919 0.009063853 0.004453936 -1.174862623 -0.009106821 0.999911249 0.009724360 -1.294302583 -0.004365400 -0.009764425 0.999942780 133.353469849
0.999956906 0.008205445 0.004343408 -1.181016207 -0.008250465 0.999911368 0.010450442 -1.305160642 -0.004257272 -0.010485827 0.999935985 134.705856323
0.999971390 0.006596673 0.003705312 -1.176900506 -0.006633511 0.999927819 0.010019243 -1.313297987 -0.003638951 -0.010043535 0.999942899 136.071350098
0.999983311 0.005072294 0.002812568 -1.183476686 -0.005100547 0.999935627 0.010130281 -1.329718947 -0.002761003 -0.010144456 0.999944687 137.426788330
0.999992669 0.003612906 0.001290751 -1.172205210 -0.003626550 0.999935865 0.010729429 -1.335209370 -0.001251904 -0.010734031 0.999941587 138.804000854
0.999997854 0.002088909 0.000457642 -1.173011303 -0.002093842 0.999936700 0.011055727 -1.347450972 -0.000434519 -0.011056661 0.999938786 140.179321289
0.999998450 0.001575932 -0.000666643 -1.181840420 -0.001568677 0.999940991 0.010747480 -1.351460576 0.000683541 -0.010746418 0.999941945 141.541000366
0.999997735 0.001209794 -0.001756793 -1.191750288 -0.001192071 0.999948680 0.010054664 -1.359934449 0.001768868 -0.010052547 0.999947846 142.899902344
0.999995410 0.001737515 -0.002480916 -1.206198454 -0.001713589 0.999952316 0.009613584 -1.366792202 0.002497501 -0.009609289 0.999950647 144.264465332
0.999993622 -0.000603800 -0.003518424 -1.212688804 0.000629376 0.999973357 0.007272748 -1.379225850 0.003513938 -0.007274915 0.999967337 145.619735718
0.999969125 -0.006089571 -0.004949326 -1.205889702 0.006121982 0.999959707 0.006559791 -1.387017250 0.004909181 -0.006589888 0.999966264 146.990142822
0.999891043 -0.013575129 -0.005794321 -1.210566282 0.013629409 0.999862552 0.009433071 -1.405489802 0.005665469 -0.009511017 0.999938726 148.356918335
0.999772608 -0.020096770 -0.007122227 -1.200614929 0.020172326 0.999739230 0.010700458 -1.410831928 0.006905325 -0.010841700 0.999917328 149.729248047
0.999702394 -0.022880808 -0.008457132 -1.210085630 0.022941785 0.999710977 0.007185213 -1.424221516 0.008290282 -0.007377096 0.999938428 151.108444214
0.999734938 -0.021780981 -0.007458774 -1.231728196 0.021811210 0.999754131 0.003995915 -1.435882568 0.007369904 -0.004157541 0.999964178 152.467224121
0.999798417 -0.018550394 -0.007679747 -1.232074380 0.018569024 0.999824762 0.002361666 -1.460520029 0.007634594 -0.002503796 0.999967635 153.848678589
0.999799550 -0.018816527 -0.006842750 -1.240488768 0.018830575 0.999820709 0.001994593 -1.480875969 0.006803992 -0.002123046 0.999974549 155.232055664
0.999743998 -0.021712935 -0.006361125 -1.254037619 0.021747550 0.999748766 0.005423902 -1.491379619 0.006241758 -0.005560852 0.999965072 156.577056885
0.999650359 -0.025854347 -0.005530109 -1.259806871 0.025898954 0.999631345 0.008153331 -1.502668619 0.005317271 -0.008293703 0.999951482 157.942733765
0.999538362 -0.029838379 -0.005718999 -1.265070200 0.029888922 0.999512970 0.008966519 -1.509757400 0.005448668 -0.009133314 0.999943435 159.323364258
0.999494731 -0.031394698 -0.004958514 -1.283053875 0.031438131 0.999465704 0.008938280 -1.518432617 0.004675251 -0.009089651 0.999947786 160.678527832
0.999550521 -0.029549519 -0.005083271 -1.277642012 0.029597811 0.999514818 0.009702344 -1.534338713 0.004794105 -0.009848435 0.999940038 162.067916870
0.999664843 -0.025625410 -0.003673715 -1.293428898 0.025657792 0.999629736 0.009055668 -1.547485352 0.003440299 -0.009146892 0.999952257 163.428588867
0.999750078 -0.022202164 -0.002620815 -1.316094875 0.022218939 0.999731660 0.006555687 -1.552605271 0.002474561 -0.006612280 0.999975026 164.774627686
0.999804199 -0.019735150 -0.001486512 -1.339197159 0.019744551 0.999783278 0.006602390 -1.570581555 0.001355891 -0.006630446 0.999977112 166.111968994
0.999854982 -0.016887635 -0.002165758 -1.321735740 0.016901802 0.999834657 0.006699113 -1.572588682 0.002052268 -0.006734747 0.999975145 167.535736084
0.999896467 -0.014148099 -0.002591519 -1.324250340 0.014162101 0.999884725 0.005466575 -1.577053308 0.002513879 -0.005502710 0.999981701 168.918212891
0.999915779 -0.012532095 -0.003377114 -1.331514359 0.012542560 0.999916553 0.003095437 -1.595268250 0.003338040 -0.003137534 0.999989510 170.299789429
0.999955058 -0.008574037 -0.004045677 -1.342334032 0.008574764 0.999963224 0.000162501 -1.611503839 0.004044135 -0.000197184 0.999991775 171.674484253
0.999986947 -0.003229833 -0.003943962 -1.362536430 0.003225168 0.999994099 -0.001188703 -1.631392479 0.003947779 0.001175967 0.999991536 173.054122925
0.999993086 0.001280868 -0.003495099 -1.380958319 -0.001281221 0.999999106 -0.000098721 -1.652375340 0.003494969 0.000103198 0.999993861 174.443420410
0.999986589 0.004274924 -0.002916469 -1.392429352 -0.004269981 0.999989450 0.001699046 -1.671233535 0.002923701 -0.001686570 0.999994278 175.845077515
0.999980688 0.005579208 -0.002735947 -1.406766415 -0.005568945 0.999977469 0.003744336 -1.686705351 0.002756776 -0.003729028 0.999989271 177.234527588
0.999991119 0.002128622 -0.003642924 -1.413538337 -0.002110863 0.999985933 0.004871907 -1.704518318 0.003653243 -0.004864173 0.999981523 178.625152588
0.999985337 -0.000306805 -0.005410707 -1.419104576 0.000334201 0.999987125 0.005063000 -1.721730471 0.005409084 -0.005064734 0.999972522 180.026016235
0.999969482 -0.000846747 -0.007769207 -1.426163435 0.000854761 0.999999106 0.001028293 -1.742166281 0.007768329 -0.001034902 0.999969304 181.423736572
0.999962449 0.001580206 -0.008519362 -1.456990242 -0.001608178 0.999993324 -0.003277478 -1.759979010 0.008514124 0.003291056 0.999958336 182.817611694
0.999936640 0.006044360 -0.009497359 -1.480514050 -0.006084783 0.999972522 -0.004233159 -1.785922766 0.009471511 0.004290680 0.999945879 184.228866577
0.999913156 0.008583618 -0.010002241 -1.501100779 -0.008617248 0.999957263 -0.003324135 -1.809561729 0.009973279 0.003410037 0.999944448 185.634704590
0.999895573 0.010592820 -0.009828202 -1.520623088 -0.010594933 0.999943852 -0.000162937 -1.819633842 0.009825925 0.000267049 0.999951661 187.064697266
0.999893010 0.011266970 -0.009327433 -1.539173007 -0.011249175 0.999934793 0.001958067 -1.844328761 0.009348887 -0.001852932 0.999954581 188.483078003
0.999900341 0.010630921 -0.009289014 -1.558322191 -0.010603910 0.999939442 0.002952211 -1.864081025 0.009319835 -0.002853417 0.999952495 189.887893677
0.999919891 0.008266799 -0.009585238 -1.568269491 -0.008235336 0.999960601 0.003317053 -1.879848361 0.009612281 -0.003237850 0.999948561 191.317031860
0.999937415 0.005929695 -0.009482869 -1.584178686 -0.005895724 0.999976099 0.003606124 -1.890837669 0.009504026 -0.003549990 0.999948502 192.748641968
0.999951959 0.003211001 -0.009261963 -1.592801094 -0.003178620 0.999988914 0.003508793 -1.907149196 0.009273124 -0.003479184 0.999950945 194.203109741
0.999961376 -0.000010402 -0.008782434 -1.606575727 0.000053934 0.999987662 0.004956451 -1.928496361 0.008782274 -0.004956733 0.999949157 195.626113892
0.999955714 -0.003835926 -0.008594035 -1.613033533 0.003889513 0.999973178 0.006227496 -1.938291073 0.008569915 -0.006260647 0.999943674 197.074035645
0.999941289 -0.006714385 -0.008500294 -1.616826415 0.006765878 0.999958992 0.006043812 -1.952977061 0.008459365 -0.006100971 0.999945581 198.531372070
0.999950945 -0.005415224 -0.008296197 -1.634528399 0.005432635 0.999983072 0.002077564 -1.976216555 0.008284806 -0.002122532 0.999963403 199.979614258
0.999967396 0.001521710 -0.007919167 -1.657464504 -0.001545710 0.999994218 -0.003025393 -1.994637251 0.007914517 0.003037535 0.999964058 201.414535522
0.999918759 0.010831538 -0.006710098 -1.686791658 -0.010852584 0.999936283 -0.003108208 -2.020120144 0.006676004 0.003180777 0.999972582 202.868637085
0.999811351 0.018672206 -0.005338942 -1.719136477 -0.018670598 0.999825656 0.000351286 -2.040731907 0.005344570 -0.000251538 0.999985695 204.309356689
0.999798894 0.019404586 -0.005059260 -1.732484341 -0.019390723 0.999808192 0.002775196 -2.066384077 0.005112140 -0.002676535 0.999983430 205.758026123
0.999827623 0.017759776 -0.005397855 -1.741944909 -0.017743934 0.999838173 0.002968334 -2.081448078 0.005449698 -0.002872044 0.999981046 207.205963135
0.999873698 0.014680997 -0.006091187 -1.758847952 -0.014664547 0.999888718 0.002736443 -2.096838951 0.006130682 -0.002646773 0.999977767 208.667861938
0.999908388 0.011666678 -0.006856808 -1.772994280 -0.011641742 0.999925494 0.003665889 -2.136363268 0.006899066 -0.003585728 0.999969780 210.126342773
0.999882519 0.013146092 -0.007873889 -1.788279653 -0.013131659 0.999911964 0.001882336 -2.139955521 0.007897942 -0.001778717 0.999967217 211.565856934
0.999862015 0.014555492 -0.008005571 -1.806356311 -0.014542314 0.999892831 0.001701703 -2.153876305 0.008029481 -0.001585049 0.999966502 213.040847778
0.999844909 0.015598806 -0.008176375 -1.825505853 -0.015574736 0.999874175 0.002998933 -2.179418564 0.008222126 -0.002871123 0.999962091 214.497589111
0.999847949 0.015011410 -0.008872557 -1.838419557 -0.014988212 0.999884069 0.002675277 -2.199387550 0.008911688 -0.002541886 0.999957085 215.974044800
0.999850094 0.014782793 -0.009011847 -1.855384111 -0.014770919 0.999889970 0.001382758 -2.218057871 0.009031296 -0.001249438 0.999958456 217.463256836
0.999855697 0.014018157 -0.009595508 -1.868069291 -0.014009493 0.999901414 0.000969617 -2.237537861 0.009608156 -0.000835049 0.999953449 218.952117920
0.999843895 0.014561654 -0.010008599 -1.890179634 -0.014554628 0.999893725 0.000774340 -2.258582592 0.010018812 -0.000628547 0.999949634 220.435485840
0.999839604 0.014620304 -0.010344482 -1.907435060 -0.014614708 0.999892950 0.000616331 -2.282971859 0.010352387 -0.000465051 0.999946237 221.935012817
0.999836385 0.014589614 -0.010691823 -1.929700613 -0.014584291 0.999893486 0.000575670 -2.307599545 0.010699081 -0.000419643 0.999942660 223.434951782
0.999820352 0.015482959 -0.010935046 -1.956353426 -0.015480947 0.999880135 0.000268531 -2.328331709 0.010937891 -0.000099198 0.999940157 224.933776855
0.999816895 0.015399079 -0.011360778 -1.980257750 -0.015398575 0.999881387 0.000131876 -2.352583408 0.011361462 0.000043088 0.999935448 226.433456421
0.999810457 0.015615796 -0.011628697 -2.007134676 -0.015613035 0.999878049 0.000328189 -2.378667831 0.011632403 -0.000146568 0.999932349 227.935256958
0.999816775 0.015187321 -0.011654837 -2.032020569 -0.015188571 0.999884605 -0.000018757 -2.396947384 0.011653208 0.000195774 0.999932110 229.436111450
0.999842107 0.013484209 -0.011574398 -2.058728218 -0.013485301 0.999908984 -0.000016285 -2.425635099 0.011573126 0.000172366 0.999933004 230.936370850
0.999849081 0.013207792 -0.011283220 -2.076850176 -0.013210455 0.999912620 -0.000161605 -2.443826914 0.011280100 0.000310637 0.999936342 232.472732544
0.999874830 0.011033424 -0.011339508 -2.097123146 -0.011026780 0.999938905 0.000648363 -2.471525192 0.011345969 -0.000523244 0.999935508 233.998641968
0.999862015 0.011474119 -0.012006554 -2.104167223 -0.011462932 0.999933720 0.001000184 -2.490667820 0.012017233 -0.000862416 0.999927461 235.535583496
0.999862254 0.012120575 -0.011331582 -2.142455101 -0.012115707 0.999926448 0.000497980 -2.514755249 0.011336785 -0.000360621 0.999935687 237.045120239
0.999856770 0.012916339 -0.010931746 -2.172905922 -0.012921820 0.999916434 -0.000431005 -2.535358906 0.010925264 0.000572201 0.999940157 238.553588867
0.999840438 0.014450668 -0.010499617 -2.192990065 -0.014448900 0.999895573 0.000244269 -2.555422783 0.010502051 -0.000092523 0.999944866 240.082443237
0.999849796 0.014302753 -0.009784199 -2.210368872 -0.014285772 0.999896288 0.001803251 -2.569598675 0.009808977 -0.001663206 0.999950528 241.625793457
0.999857485 0.014226577 -0.009075491 -2.234394789 -0.014207617 0.999896765 0.002150021 -2.589794159 0.009105140 -0.002020774 0.999956489 243.172317505
0.999842167 0.015774252 -0.008164503 -2.259407043 -0.015769539 0.999875367 0.000641120 -2.611145020 0.008173599 -0.000512268 0.999966383 244.676864624
0.999830961 0.016503144 -0.008093225 -2.274620771 -0.016507622 0.999863625 -0.000487987 -2.633966923 0.008084070 0.000621504 0.999967098 246.191314697
0.999821544 0.017082777 -0.008064492 -2.288544893 -0.017085085 0.999854028 -0.000217851 -2.656148195 0.008059593 0.000355595 0.999967456 247.713897705
0.999844790 0.014933780 -0.009346091 -2.294622660 -0.014925523 0.999888122 0.000952925 -2.686564207 0.009359277 -0.000813282 0.999955893 249.228210449
0.999843180 0.013832106 -0.011054280 -2.293239594 -0.013816177 0.999903381 0.001515993 -2.717400789 0.011074182 -0.001363027 0.999937713 250.731201172
0.999828041 0.014791197 -0.011184470 -2.316087723 -0.014780108 0.999890208 0.001073401 -2.731840134 0.011199119 -0.000907909 0.999936879 252.270401001
0.999813378 0.016040575 -0.010764374 -2.344915390 -0.016028466 0.999870777 0.001210684 -2.753106356 0.010782404 -0.001037922 0.999941289 253.806808472
0.999797106 0.017378077 -0.010184837 -2.376193285 -0.017364489 0.999848187 0.001421231 -2.783598423 0.010207988 -0.001244089 0.999947131 255.351440430
0.999792337 0.017578417 -0.010307906 -2.400201797 -0.017561819 0.999844313 0.001698580 -2.808623314 0.010336161 -0.001517202 0.999945343 256.895416260
0.999796510 0.016601052 -0.011461712 -2.392686129 -0.016597902 0.999862134 0.000370240 -2.809013844 0.011466281 -0.000179924 0.999934137 258.466491699
0.999838948 0.014237344 -0.010921485 -2.427119970 -0.014208788 0.999895453 0.002687897 -2.856778622 0.010958611 -0.002532284 0.999936700 260.002441406
0.999865711 0.012610091 -0.010465860 -2.444900036 -0.012588320 0.999918461 0.002143553 -2.859514236 0.010492035 -0.002011517 0.999942899 261.581787109
0.999888957 0.009799231 -0.011229063 -2.473171949 -0.009766652 0.999947965 0.002952658 -2.901082516 0.011257410 -0.002842660 0.999932587 263.084869385
0.999895513 0.008943918 -0.011357235 -2.493531704 -0.008924492 0.999958634 0.001759906 -2.917951345 0.011372506 -0.001658364 0.999933958 264.656738281
0.999920785 0.006867251 -0.010548012 -2.515999079 -0.006825978 0.999968886 0.003943892 -2.950341463 0.010574769 -0.003871579 0.999936521 266.210418701
0.999932826 0.005231550 -0.010342355 -2.528284073 -0.005175254 0.999971688 0.005462473 -2.964602947 0.010370637 -0.005408582 0.999931574 267.786163330
0.999937892 0.004191676 -0.010328302 -2.547168493 -0.004148544 0.999982595 0.004193870 -2.976360321 0.010345700 -0.004150762 0.999937892 269.333892822
0.999941111 0.003554001 -0.010259584 -2.557551622 -0.003522757 0.999989152 0.003061768 -2.991622925 0.010270353 -0.003025445 0.999942720 270.897064209
0.999945581 0.004370718 -0.009479026 -2.576517105 -0.004348902 0.999987781 0.002320962 -3.009383202 0.009489056 -0.002279612 0.999952435 272.461273193
0.999941587 0.006675375 -0.008499278 -2.606864214 -0.006654532 0.999974728 0.002478300 -3.033603668 0.008515608 -0.002421597 0.999960780 273.969055176
0.999934435 0.008853328 -0.007261540 -2.631772995 -0.008837671 0.999958694 0.002185299 -3.054694653 0.007280585 -0.002120981 0.999971271 275.509429932
0.999936938 0.009223898 -0.006415306 -2.644609690 -0.009208058 0.999954522 0.002494426 -3.086580515 0.006438023 -0.002435196 0.999976337 277.079101562
0.999926507 0.010666828 -0.005762765 -2.664210320 -0.010657762 0.999941885 0.001601343 -3.103081942 0.005779512 -0.001539807 0.999982059 278.603668213
0.999928296 0.010867127 -0.005028297 -2.680321693 -0.010862072 0.999940455 0.001031103 -3.130643845 0.005039203 -0.000976411 0.999986827 280.156494141
0.999937475 0.010414978 -0.004064018 -2.695611954 -0.010413897 0.999945760 0.000287110 -3.150599241 0.004066788 -0.000244770 0.999991715 281.718719482
0.999948859 0.009472203 -0.003526520 -2.699913025 -0.009470094 0.999954939 0.000613995 -3.173473597 0.003532177 -0.000580567 0.999993563 283.281585693
0.999962211 0.008152357 -0.003010875 -2.703664064 -0.008146971 0.999965310 0.001796815 -3.200167894 0.003025418 -0.001772218 0.999993861 284.847717285
0.999971390 0.006973627 -0.002938064 -2.709071875 -0.006967411 0.999973416 0.002121021 -3.225782633 0.002952778 -0.002100490 0.999993443 286.407440186
0.999974906 0.006484278 -0.002846136 -2.716651678 -0.006485634 0.999978840 -0.000468089 -3.248274326 0.002843040 0.000486537 0.999995828 287.968719482
0.999981046 0.005178866 -0.003338527 -2.723837852 -0.005187993 0.999982834 -0.002731281 -3.273856163 0.003324324 0.002748549 0.999990702 289.539581299
0.999975860 0.005459863 -0.004303521 -2.738625050 -0.005472724 0.999980569 -0.002982534 -3.297836065 0.004287153 0.003006014 0.999986291 291.093231201
0.999978423 0.004090318 -0.005133681 -2.743614674 -0.004105113 0.999987364 -0.002875098 -3.327837467 0.005121856 0.002896111 0.999982715 292.675811768
0.999973059 0.003891175 -0.006222233 -2.759938478 -0.003913164 0.999986112 -0.003525700 -3.359183788 0.006208428 0.003549954 0.999974370 294.247253418
0.999967933 0.004207048 -0.006816956 -2.767683029 -0.004232279 0.999984145 -0.003690969 -3.387165546 0.006801321 0.003719702 0.999969959 295.852203369
0.999961257 0.004027305 -0.007817296 -2.778168917 -0.004053086 0.999986351 -0.003284903 -3.416535854 0.007803960 0.003316460 0.999964058 297.446899414
0.999954581 0.003444841 -0.008877178 -2.783973217 -0.003473440 0.999988735 -0.003208207 -3.440805435 0.008866027 0.003238895 0.999955475 299.040649414
0.999944389 0.002894036 -0.010139950 -2.805695534 -0.002912395 0.999994159 -0.001796243 -3.475136280 0.010134690 0.001825675 0.999946952 300.641540527
0.999930859 0.004259671 -0.010955120 -2.818179846 -0.004265590 0.999990702 -0.000517008 -3.497949600 0.010952816 0.000563702 0.999939859 302.258880615
0.999934494 0.004985102 -0.010303596 -2.842680216 -0.004991995 0.999987245 -0.000643335 -3.520738840 0.010300261 0.000694728 0.999946713 303.859924316
0.999944389 0.004304539 -0.009628807 -2.870646000 -0.004312975 0.999990344 -0.000855529 -3.548518658 0.009625031 0.000897010 0.999953210 305.436340332
0.999951124 0.003100613 -0.009389219 -2.883144617 -0.003110261 0.999994636 -0.001013090 -3.573228359 0.009386029 0.001042244 0.999955416 307.041076660
0.999950290 0.002705615 -0.009587858 -2.903314829 -0.002720895 0.999995053 -0.001580900 -3.597020864 0.009583535 0.001606909 0.999952793 308.622009277
0.999957204 0.001745578 -0.009086962 -2.934444904 -0.001776227 0.999992788 -0.003365809 -3.625486612 0.009081022 0.003381805 0.999952972 310.209899902
0.999950707 0.001030548 -0.009876575 -2.930794477 -0.001073921 0.999989808 -0.004387169 -3.653367758 0.009871955 0.004397560 0.999941587 311.873352051
0.999922395 0.001561886 -0.012359851 -2.946168900 -0.001627820 0.999984503 -0.005326319 -3.687724352 0.012351340 0.005346025 0.999909401 313.518371582
0.999880373 0.001671663 -0.015378195 -2.956748486 -0.001747894 0.999986231 -0.004945012 -3.716655016 0.015369715 0.004971300 0.999869525 315.166046143
0.999871433 0.002931160 -0.015762841 -2.978625774 -0.002963230 0.999993563 -0.002011598 -3.740890980 0.015756844 0.002058048 0.999873757 316.831054688
0.999872863 0.001193096 -0.015902227 -2.993069410 -0.001176361 0.999998748 0.001061657 -3.765137196 0.015903475 -0.001042816 0.999872983 318.492034912
0.999875546 0.000538771 -0.015765728 -3.023945808 -0.000512824 0.999998510 0.001649775 -3.788782120 0.015766595 -0.001641485 0.999874353 320.129089355
0.999870837 -0.001300874 -0.016015742 -3.047800064 0.001306982 0.999999106 0.000370898 -3.815693855 0.016015245 -0.000391782 0.999871612 321.748809814
0.999864638 -0.002780069 -0.016216811 -3.067200184 0.002783737 0.999996066 0.000203657 -3.838350296 0.016216177 -0.000248772 0.999868453 323.399780273
0.999865115 -0.003317330 -0.016085662 -3.094749689 0.003320499 0.999994457 0.000170324 -3.863235712 0.016085010 -0.000223714 0.999870539 325.068389893
0.999870837 -0.003164437 -0.015749412 -3.122824907 0.003171969 0.999994874 0.000453329 -3.895401955 0.015747895 -0.000503227 0.999875844 326.693817139
0.999885201 -0.000989849 -0.015118837 -3.148803711 0.000971033 0.999998748 -0.001251878 -3.909339428 0.015120058 0.001237054 0.999884903 328.370666504
0.999893427 -0.000788127 -0.014578085 -3.181282520 0.000770916 0.999998987 -0.001186239 -3.950054646 0.014579007 0.001174874 0.999893010 329.994140625
0.999899447 -0.002393483 -0.013977472 -3.198794365 0.002405765 0.999996722 0.000861977 -3.979075432 0.013975364 -0.000895517 0.999901950 331.659118652
0.999895692 -0.003256751 -0.014069533 -3.218925953 0.003280447 0.999993265 0.001661427 -4.006182671 0.014064029 -0.001707408 0.999899626 333.289154053
0.999891222 -0.004382337 -0.014081849 -3.238483906 0.004385800 0.999990344 0.000215011 -4.024881840 0.014080770 -0.000276748 0.999900818 334.942626953
0.999891579 -0.003078044 -0.014401453 -3.265050650 0.003080017 0.999995232 0.000114846 -4.049840450 0.014401033 -0.000159191 0.999896288 336.574829102
0.999890268 -0.001471811 -0.014738219 -3.292570591 0.001447076 0.999997556 -0.001688750 -4.081878662 0.014740667 0.001667238 0.999889970 338.206970215
0.999878943 -0.000026749 -0.015556163 -3.326864243 -0.000047359 0.999988675 -0.004763500 -4.111126900 0.015556117 0.004763660 0.999867678 339.826202393
0.999860108 0.001314069 -0.016675940 -3.354931116 -0.001386543 0.999989629 -0.004335164 -4.143192291 0.016670076 0.004357679 0.999851465 341.457092285
0.999837995 0.001838694 -0.017906666 -3.386903524 -0.001849524 0.999998093 -0.000588237 -4.180001736 0.017905554 0.000621260 0.999839425 343.082855225
0.999814332 0.002791840 -0.019063128 -3.422163963 -0.002749501 0.999993622 0.002246810 -4.207117558 0.019069282 -0.002193979 0.999815762 344.717346191
0.999788046 0.002985683 -0.020370997 -3.459513903 -0.002962177 0.999994874 0.001183973 -4.236199379 0.020374421 -0.001123380 0.999791801 346.335144043
0.999747217 0.002639377 -0.022328068 -3.499521732 -0.002647876 0.999996424 -0.000351117 -4.263373375 0.022327062 0.000410150 0.999750614 347.944335938
0.999703228 0.001160236 -0.024332311 -3.534994125 -0.001135159 0.999998808 0.001044405 -4.291962147 0.024333494 -0.001016474 0.999703407 349.574249268
0.999678731 -0.000443970 -0.025340302 -3.578638077 0.000480497 0.999998987 0.001435372 -4.318248749 0.025339633 -0.001447087 0.999677837 351.179779053
0.999658465 -0.000950128 -0.026115686 -3.620276451 0.000967774 0.999999285 0.000663076 -4.345628738 0.026115039 -0.000688124 0.999658704 352.786315918
0.999646544 -0.001865161 -0.026525250 -3.663708210 0.001859709 0.999998212 -0.000230217 -4.373898029 0.026525635 0.000180806 0.999648094 354.391601562
0.999646485 -0.001520548 -0.026542455 -3.711049557 0.001518154 0.999998868 -0.000110337 -4.409635544 0.026542591 0.000070003 0.999647617 356.010314941
0.999645829 -0.002427532 -0.026499486 -3.763698578 0.002418723 0.999997020 -0.000364465 -4.435750484 0.026500285 0.000300241 0.999648750 357.612731934
0.999642849 -0.002698006 -0.026582345 -3.811120510 0.002671268 0.999995887 -0.001041327 -4.466230869 0.026585042 0.000969947 0.999646068 359.232971191
0.999639928 -0.002941758 -0.026668862 -3.859220028 0.002895883 0.999994278 -0.001758641 -4.496221066 0.026673885 0.001680778 0.999642789 360.839355469
0.999638319 -0.003704303 -0.026634369 -3.904437065 0.003667962 0.999992251 -0.001413195 -4.527209282 0.026639398 0.001314990 0.999644160 362.446594238
0.999635696 -0.003119794 -0.026813503 -3.946114063 0.003055474 0.999992371 -0.002439420 -4.553818226 0.026820913 0.002356603 0.999637485 364.048858643
0.999631464 -0.004390923 -0.026788585 -3.993055344 0.004293853 0.999983966 -0.003679956 -4.587070465 0.026804317 0.003563573 0.999634326 365.641082764
0.999629915 -0.005648227 -0.026614312 -4.039375305 0.005596488 0.999982297 -0.002018144 -4.616911888 0.026625244 0.001868450 0.999643743 367.235321045
0.999625146 -0.007452079 -0.026348893 -4.088206768 0.007414492 0.999971330 -0.001523950 -4.643559456 0.026359499 0.001328015 0.999651670 368.838043213
0.999639511 -0.007666268 -0.025729850 -4.156127930 0.007622592 0.999969363 -0.001795163 -4.682078362 0.025742820 0.001598388 0.999667466 370.419036865
0.999631643 -0.007122661 -0.026186466 -4.192502499 0.007065236 0.999972403 -0.002284781 -4.715361595 0.026202012 0.002098926 0.999654472 372.040069580
0.999629736 -0.006335907 -0.026457649 -4.232732296 0.006302425 0.999979258 -0.001348674 -4.748198509 0.026465639 0.001181428 0.999649048 373.650604248
0.999616325 -0.005247361 -0.027193591 -4.263241291 0.005225948 0.999986053 -0.000858436 -4.772706032 0.027197709 0.000715994 0.999629796 375.271942139
0.999635816 -0.005803704 -0.026352601 -4.327719212 0.005771213 0.999982476 -0.001308838 -4.805582523 0.026359735 0.001156275 0.999651849 376.873870850
0.999627173 -0.006196115 -0.026589179 -4.372573376 0.006148725 0.999979377 -0.001863663 -4.839873791 0.026600176 0.001699479 0.999644697 378.482177734
0.999622524 -0.006444477 -0.026707830 -4.416574955 0.006387999 0.999977112 -0.002199441 -4.869501114 0.026721396 0.002028001 0.999640882 380.108703613
0.999634922 -0.006035107 -0.026334409 -4.459242344 0.005970351 0.999978900 -0.002536949 -4.898297310 0.026349165 0.002378797 0.999650002 381.740783691
0.999642909 -0.005492098 -0.026156632 -4.522067070 0.005417552 0.999980986 -0.002919969 -4.927249908 0.026172176 0.002777220 0.999653578 383.361145020
0.999658704 -0.004173935 -0.025789710 -4.574999332 0.004124017 0.999989629 -0.001988481 -4.960827827 0.025797736 0.001881445 0.999665558 384.987854004
0.999676287 -0.002422370 -0.025328021 -4.623029709 0.002345797 0.999992609 -0.003052542 -4.984515190 0.025335230 0.002992138 0.999674499 386.622833252
