1.000000000 0.000000000 0.000000000 0.000000000 0.000000000 1.000000000 0.000000000 0.000000000 0.000000000 0.000000000 1.000000000 0.000000000
0.999999940 -0.000318375 -0.000138663 -0.005501403 0.000318614 0.999998450 0.001721261 -0.018759085 0.000138115 -0.001721305 0.999998510 1.342090726
0.999998748 -0.001472470 -0.000453512 -0.011559356 0.001473297 0.999997199 0.001827207 -0.041687611 0.000450821 -0.001827873 0.999998212 2.702873945
0.999994993 -0.003091755 -0.000601010 -0.017062880 0.003092169 0.999994993 0.000689179 -0.056968290 0.000598876 -0.000691034 0.999999583 4.037765980
0.999994457 -0.003294532 -0.000457214 -0.018518126 0.003294831 0.999994457 0.000654608 -0.074554011 0.000455055 -0.000656111 0.999999702 5.388235569
0.999991596 -0.004042738 -0.000599620 -0.017858585 0.004043732 0.999990463 0.001667033 -0.096762598 0.000592875 -0.001669444 0.999998391 6.731413364
0.999983609 -0.005706431 -0.000404078 -0.026904438 0.005707674 0.999978840 0.003144382 -0.120405681 0.000386126 -0.003146637 0.999994993 8.073853493
0.999986649 -0.005125571 -0.000570646 -0.027551547 0.005127543 0.999980688 0.003508738 -0.140311450 0.000552651 -0.003511618 0.999993622 9.445013046
0.999989867 -0.004342396 -0.001112995 -0.025446698 0.004344696 0.999988437 0.002071903 -0.164333627 0.001103985 -0.002076718 0.999997199 10.800323486
0.999998033 -0.001304206 -0.001461591 -0.026827339 0.001303692 0.999999046 -0.000352593 -0.179629654 0.001462049 0.000350687 0.999998927 12.158878326
0.999997199 0.001989502 -0.001273827 -0.037868232 -0.001990645 0.999997616 -0.000896289 -0.207348064 0.001272041 0.000898823 0.999998808 13.530768394
0.999990940 0.004065572 -0.001284033 -0.050923098 -0.004067084 0.999991119 -0.001176921 -0.228158832 0.001279237 0.001182132 0.999998510 14.885916710
0.999986947 0.005008353 -0.000984922 -0.057001300 -0.005008120 0.999987423 0.000239026 -0.260471374 0.000986107 -0.000234091 0.999999404 16.267675400
0.999995887 0.002785126 -0.000667133 -0.052197985 -0.002783370 0.999992669 0.002617134 -0.275463849 0.000674417 -0.002615266 0.999996305 17.653900146
0.999997139 -0.002328271 -0.000489902 -0.054790862 0.002330847 0.999983132 0.005324867 -0.312534600 0.000477496 -0.005325994 0.999985695 19.026834488
0.999990642 -0.004294081 -0.000657422 -0.052679267 0.004296062 0.999986172 0.003042424 -0.325024545 0.000644349 -0.003045220 0.999995172 20.398971558
0.999983311 -0.005664124 -0.001125757 -0.049980685 0.005665327 0.999983370 0.001068402 -0.347995520 0.001119687 -0.001074762 0.999998748 21.772579193
0.999996722 -0.002358048 -0.000927330 -0.054672778 0.002357354 0.999996960 -0.000748097 -0.361410201 0.000929091 0.000745909 0.999999344 23.137889862
0.999999285 -0.001163362 0.000226286 -0.071603604 0.001162869 0.999996960 0.002166570 -0.401272804 -0.000228806 -0.002166305 0.999997616 24.507976532
0.999992847 -0.003560792 -0.001249670 -0.054307930 0.003567586 0.999978602 0.005477120 -0.426626027 0.001230140 -0.005481539 0.999984205 25.880443573
0.999985039 -0.005439513 0.000518647 -0.066395029 0.005435328 0.999955297 0.007755482 -0.440102279 -0.000560810 -0.007752548 0.999969780 27.299711227
0.999959648 -0.008912697 -0.001153402 -0.045422763 0.008919922 0.999939620 0.006417685 -0.454957038 0.001096133 -0.006427714 0.999978781 28.698921204
0.999953747 -0.009611430 0.000247307 -0.067622289 0.009610346 0.999945581 0.004059196 -0.477675498 -0.000286308 -0.004056632 0.999991655 30.084896088
0.999956608 -0.009278268 0.000779418 -0.066862531 0.009277010 0.999955654 0.001603162 -0.492133945 -0.000794258 -0.001595862 0.999998331 31.486368179
0.999979436 -0.006272523 0.001353886 -0.072448723 0.006271264 0.999979913 0.000932394 -0.514886498 -0.001359707 -0.000923884 0.999998629 32.883712769
0.999983132 -0.005554241 0.001701365 -0.079126701 0.005556201 0.999983847 -0.001149025 -0.536496997 -0.001694955 0.001158459 0.999997914 34.278095245
0.999989092 -0.004303807 0.001775376 -0.085244767 0.004304503 0.999990642 -0.000388408 -0.564343989 -0.001773687 0.000396046 0.999998271 35.672687531
0.999987602 -0.004707904 0.001626921 -0.089249954 0.004706420 0.999988496 0.000914145 -0.590534627 -0.001631206 -0.000906476 0.999998212 37.074008942
0.999992967 -0.003533008 0.001217904 -0.095309407 0.003529721 0.999990165 0.002689812 -0.615016282 -0.001227395 -0.002685494 0.999995649 38.482765198
0.999999166 -0.000765150 0.001064734 -0.095472321 0.000761800 0.999994755 0.003142360 -0.638890505 -0.001067133 -0.003141546 0.999994457 39.910156250
0.999997795 0.001579237 0.001397257 -0.108054593 -0.001583326 0.999994457 0.002930692 -0.662438869 -0.001392621 -0.002932898 0.999994755 41.326740265
0.999992549 0.003642617 0.001278692 -0.108806014 -0.003646830 0.999987900 0.003307374 -0.678408742 -0.001266629 -0.003312013 0.999993742 42.761226654
0.999989092 0.004607121 0.000761863 -0.108554989 -0.004609872 0.999982715 0.003648045 -0.699564159 -0.000745042 -0.003651518 0.999993026 44.199863434
0.999992728 0.003757339 0.000703524 -0.121122830 -0.003759542 0.999988019 0.003157475 -0.713525116 -0.000691652 -0.003160097 0.999994755 45.621086121
0.999996364 0.002673355 -0.000325322 -0.119798616 -0.002672189 0.999990106 0.003532110 -0.748146534 0.000334761 -0.003531228 0.999993682 47.065937042
0.999997437 0.002053338 -0.001023024 -0.134044081 -0.002049246 0.999989927 0.003984163 -0.768374026 0.001031195 -0.003982056 0.999991477 48.480567932
0.999994814 0.002310061 -0.002227583 -0.136078671 -0.002298737 0.999984443 0.005072510 -0.788175941 0.002239266 -0.005067363 0.999984682 49.929019928
0.999990225 0.002638945 -0.003552329 -0.142351896 -0.002621890 0.999985039 0.004797141 -0.805619955 0.003564935 -0.004787780 0.999982238 51.363113403
0.999985039 0.002278491 -0.004967021 -0.151989117 -0.002252011 0.999983191 0.005330177 -0.824635029 0.004979082 -0.005318913 0.999973416 52.805133820
0.999977350 0.002446367 -0.006273314 -0.165524870 -0.002405615 0.999975979 0.006495578 -0.841875255 0.006289055 -0.006480340 0.999959171 54.250118256
0.999978602 0.000592930 -0.006513581 -0.190585449 -0.000539574 0.999966264 0.008190089 -0.870249629 0.006518218 -0.008186399 0.999945283 55.696956635
0.999974251 -0.001525524 -0.007012912 -0.199409544 0.001582464 0.999965787 0.008120800 -0.884319544 0.007000284 -0.008131689 0.999942422 57.137031555
0.999968827 -0.003562761 -0.007037407 -0.214519948 0.003616756 0.999964058 0.007674786 -0.897923231 0.007009811 -0.007700000 0.999945760 58.577442169
0.999960601 -0.004922335 -0.007389016 -0.227917477 0.004983465 0.999953330 0.008277414 -0.916308522 0.007347928 -0.008313911 0.999938428 60.026000977
0.999960124 -0.005863292 -0.006742905 -0.243724495 0.005922936 0.999943256 0.008859903 -0.925740719 0.006690575 -0.008899486 0.999938011 61.463459015
0.999945939 -0.007963518 -0.006685729 -0.245684981 0.008028869 0.999919713 0.009805445 -0.942311883 0.006607106 -0.009858594 0.999929488 62.934558868
0.999936461 -0.009280482 -0.006387933 -0.252468526 0.009340106 0.999912500 0.009368250 -0.955081046 0.006300432 -0.009427320 0.999935687 64.380355835
0.999914348 -0.011419701 -0.006391132 -0.252776355 0.011473699 0.999898255 0.008476966 -0.967784464 0.006293677 -0.008549571 0.999943614 65.833801270
0.999930203 -0.010417090 -0.005572828 -0.266341358 0.010461903 0.999912679 0.008073972 -0.978691161 0.005488234 -0.008131708 0.999951899 67.274475098
0.999946654 -0.009028509 -0.005017955 -0.276437104 0.009068273 0.999927163 0.007959052 -0.993334293 0.004945732 -0.008004132 0.999955654 68.712738037
0.999970019 -0.006224596 -0.004604586 -0.292432487 0.006266161 0.999939263 0.009068197 -1.004305124 0.004547861 -0.009096780 0.999948263 70.159606934
0.999989390 -0.002847453 -0.003611611 -0.310048044 0.002884576 0.999942660 0.010315690 -1.015097260 0.003582030 -0.010325998 0.999940217 71.584716797
0.999995172 0.001573193 -0.002689330 -0.332449794 -0.001544851 0.999943614 0.010508232 -1.025826454 0.002705709 -0.010504024 0.999941170 72.992439270
0.999981940 0.005690977 -0.001892987 -0.352801621 -0.005671718 0.999933541 0.010028489 -1.038394809 0.001949934 -0.010017573 0.999947906 74.396553040
0.999960065 0.008800499 -0.001572952 -0.366120130 -0.008784860 0.999914408 0.009687571 -1.056973100 0.001658073 -0.009673364 0.999951780 75.807235718
0.999941647 0.010794634 -0.000366765 -0.382628739 -0.010791038 0.999903917 0.008698676 -1.059791923 0.000460629 -0.008694211 0.999962091 77.216110229
0.999936879 0.011234932 -0.000272359 -0.377758503 -0.011232071 0.999897540 0.008876652 -1.069351792 0.000372060 -0.008873031 0.999960542 78.640167236
0.999955654 0.009389452 -0.000750621 -0.382416546 -0.009382243 0.999914587 0.009089469 -1.093481779 0.000835902 -0.009082024 0.999958396 80.023139954
0.999968350 0.007668696 -0.002099382 -0.379529983 -0.007647596 0.999921918 0.009880506 -1.136257172 0.002174989 -0.009864138 0.999948919 81.377616882
0.999970794 0.007468813 -0.001634978 -0.391423851 -0.007453978 0.999932647 0.008898473 -1.136556149 0.001701329 -0.008886024 0.999959052 82.812202454
0.999969184 0.007378503 -0.002673959 -0.374580562 -0.007354622 0.999933898 0.008832979 -1.143672228 0.002738957 -0.008813041 0.999957442 84.254844666
0.999967694 0.007406471 -0.003127851 -0.378973812 -0.007380613 0.999939084 0.008199340 -1.150882959 0.003188389 -0.008175989 0.999961495 85.665733337
0.999965847 0.007492004 -0.003494120 -0.403325796 -0.007462328 0.999936640 0.008430541 -1.164749146 0.003557061 -0.008404179 0.999958336 87.093551636
0.999966145 0.006652344 -0.004826941 -0.409514070 -0.006606606 0.999933660 0.009430286 -1.178403139 0.004889354 -0.009398079 0.999943852 88.500106812
0.999972045 0.004835876 -0.005707733 -0.420378536 -0.004777604 0.999936759 0.010179220 -1.184369802 0.005756597 -0.010151666 0.999931872 89.947502136
0.999970675 0.003245441 -0.006927513 -0.428656280 -0.003170458 0.999936581 0.010807521 -1.201949835 0.006962149 -0.010785241 0.999917626 91.356216431
0.999967933 0.001343720 -0.007891447 -0.430869520 -0.001258402 0.999940813 0.010806523 -1.210005403 0.007905499 -0.010796246 0.999910474 92.759346008
0.999960601 -0.000116225 -0.008866212 -0.431591988 0.000205929 0.999948800 0.010117238 -1.218907118 0.008864583 -0.010118669 0.999909461 94.192230225
0.999960244 -0.000753636 -0.008882805 -0.452541173 0.000835112 0.999957561 0.009172214 -1.221971869 0.008875517 -0.009179266 0.999918461 95.585105896
0.999956608 -0.000479879 -0.009303391 -0.461384952 0.000563213 0.999959707 0.008956885 -1.237470269 0.009298718 -0.008961736 0.999916613 96.993270874
0.999959707 -0.000242160 -0.008972500 -0.480195761 0.000314492 0.999967456 0.008060967 -1.247136116 0.008970254 -0.008063463 0.999927282 98.381965637
0.999962091 0.001084636 -0.008636246 -0.500512838 -0.001023449 0.999974370 0.007086213 -1.256494522 0.008643711 -0.007077106 0.999937594 99.760848999
0.999963105 0.002451279 -0.008232547 -0.520721793 -0.002391331 0.999970615 0.007283888 -1.271179438 0.008250162 -0.007263932 0.999939561 101.128555298
0.999964237 0.002630200 -0.008041108 -0.534578323 -0.002559531 0.999958038 0.008786131 -1.285103440 0.008063882 -0.008765234 0.999929070 102.497077942
0.999960661 0.003977618 -0.007921359 -0.556830347 -0.003896489 0.999940097 0.010230990 -1.301808476 0.007961579 -0.010199723 0.999916315 103.865760803
0.999963760 0.003633872 -0.007697060 -0.573349357 -0.003566277 0.999955237 0.008777539 -1.316350698 0.007728609 -0.008749771 0.999931872 105.223785400
0.999962807 0.003248849 -0.007994479 -0.577377915 -0.003197571 0.999974310 0.006418675 -1.330212355 0.008015126 -0.006392871 0.999947488 106.579116821
0.999961972 0.002975844 -0.008186806 -0.600007415 -0.002933093 0.999981999 0.005228935 -1.345791578 0.008202218 -0.005204724 0.999952793 107.937843323
0.999966979 0.000515591 -0.008111852 -0.610685468 -0.000464382 0.999979973 0.006313493 -1.360414267 0.008114946 -0.006309518 0.999947131 109.304161072
0.999969542 -0.001329287 -0.007690059 -0.619073153 0.001390382 0.999967575 0.007944774 -1.369587302 0.007679251 -0.007955224 0.999938846 110.663482666
0.999971688 -0.002851601 -0.006952518 -0.624546766 0.002908787 0.999961913 0.008229068 -1.377640486 0.006928787 -0.008249060 0.999941885 112.020225525
0.999975860 -0.003522302 -0.005976335 -0.642806411 0.003564364 0.999968827 0.007042027 -1.397617936 0.005951345 -0.007063159 0.999957263 113.374626160
0.999984264 -0.001765158 -0.005316752 -0.653549790 0.001790940 0.999986589 0.004848488 -1.412767410 0.005308122 -0.004857933 0.999974012 114.726348877
0.999992311 0.000563654 -0.003883795 -0.670021713 -0.000553727 0.999996722 0.002556625 -1.426966429 0.003885222 -0.002554454 0.999989212 116.060707092
0.999989390 0.003774091 -0.002631269 -0.681232750 -0.003767756 0.999989986 0.002408587 -1.442195177 0.002640333 -0.002398647 0.999993622 117.408401489
0.999986470 0.005047702 -0.001270583 -0.690594792 -0.005042019 0.999977469 0.004437846 -1.462523818 0.001292955 -0.004431379 0.999989331 118.753173828
0.999985278 0.005293155 -0.001159168 -0.675862551 -0.005285280 0.999963641 0.006693914 -1.476850748 0.001194557 -0.006687689 0.999976933 120.126022339
0.999988198 0.004849876 -0.000212727 -0.680508196 -0.004848241 0.999962986 0.007105879 -1.489631653 0.000247182 -0.007104764 0.999974668 121.488029480
0.999985397 0.005315233 0.000928572 -0.687191248 -0.005321024 0.999965608 0.006348582 -1.498625517 -0.000894796 -0.006353430 0.999979436 122.849128723
0.999974847 0.006825919 0.001882619 -0.684071779 -0.006837056 0.999958813 0.005973700 -1.515288115 -0.001841765 -0.005986422 0.999980390 124.213531494
0.999954402 0.008973829 0.003262935 -0.691067815 -0.008992503 0.999943018 0.005755201 -1.529152393 -0.003211104 -0.005784280 0.999978125 125.578048706
0.999947786 0.009379332 0.004046381 -0.688477993 -0.009398878 0.999944150 0.004838957 -1.542815685 -0.004000768 -0.004876735 0.999980092 126.952682495
0.999932587 0.010643843 0.004638865 -0.684665084 -0.010662840 0.999934733 0.004089679 -1.555990815 -0.004595032 -0.004138866 0.999980867 128.329177856
0.999933779 0.009809434 0.006019995 -0.680756688 -0.009832442 0.999944448 0.003804184 -1.573146105 -0.005982342 -0.003863123 0.999974668 129.696395874
0.999931335 0.009257351 0.007178484 -0.692439318 -0.009292942 0.999944568 0.004940367 -1.588974476 -0.007132351 -0.005006738 0.999961972 131.078262329
0.999946415 0.007065735 0.007566539 -0.686016560 -0.007111612 0.999956369 0.006053528 -1.614872456 -0.007523436 -0.006107014 0.999953032 132.391448975
0.999955118 0.006087993 0.007256184 -0.676158726 -0.006135686 0.999959588 0.006568677 -1.632711053 -0.007215901 -0.006612904 0.999952078 133.737167358
0.999967515 0.003864250 0.007064340 -0.669010699 -0.003912237 0.999969304 0.006791676 -1.648061037 -0.007037879 -0.006819094 0.999951899 135.097122192
0.999972641 0.002609091 0.006917578 -0.669516325 -0.002659651 0.999969840 0.007309879 -1.660537243 -0.006898297 -0.007328078 0.999949336 136.463104248
0.999978960 0.001247489 0.006362997 -0.662974179 -0.001292942 0.999973655 0.007144033 -1.675011516 -0.006353918 -0.007152110 0.999954224 137.837280273
0.999986291 -0.000220169 0.005253921 -0.663042307 0.000183196 0.999975204 0.007036602 -1.692858219 -0.005255340 -0.007035542 0.999961436 139.185607910
0.999988973 -0.001525807 0.004437448 -0.660672486 0.001491436 0.999969065 0.007738577 -1.702640295 -0.004449117 -0.007731875 0.999960184 140.563995361
0.999989152 -0.003326113 0.003252297 -0.652821064 0.003299551 0.999961555 0.008138631 -1.720550418 -0.003279242 -0.008127812 0.999961615 141.941955566
0.999991179 -0.003610836 0.002209971 -0.659623623 0.003593728 0.999963880 0.007697376 -1.724847078 -0.002237685 -0.007689365 0.999967933 143.305801392
0.999992371 -0.003685965 0.001290910 -0.668208599 0.003677086 0.999969959 0.006814423 -1.735719681 -0.001315989 -0.006809624 0.999975860 144.670578003
0.999994814 -0.003205334 0.000612684 -0.678088307 0.003201289 0.999973774 0.006493975 -1.748196363 -0.000633483 -0.006491980 0.999978721 146.042755127
0.999985695 -0.005326676 -0.000373006 -0.679794788 0.005328141 0.999977648 0.004042984 -1.762757421 0.000351462 -0.004044914 0.999991775 147.404113770
0.999940455 -0.010799265 -0.001546055 -0.671440601 0.010804324 0.999936163 0.003301644 -1.774164677 0.001510301 -0.003318152 0.999993324 148.782424927
0.999830544 -0.018237054 -0.002508434 -0.669362426 0.018251920 0.999815226 0.006035396 -1.795701385 0.002397902 -0.006080158 0.999978662 150.154251099
0.999689579 -0.024575137 -0.004099191 -0.652707517 0.024603937 0.999671876 0.007129783 -1.803907275 0.003922631 -0.007228426 0.999966204 151.528015137
0.999607623 -0.027502751 -0.005311593 -0.652104676 0.027522549 0.999614298 0.003691211 -1.821695089 0.005208027 -0.003835951 0.999979079 152.923614502
0.999638736 -0.026428629 -0.004891497 -0.661678970 0.026432445 0.999650300 0.000717732 -1.841266036 0.004870818 -0.000846767 0.999987781 154.286346436
0.999711215 -0.023555374 -0.004759730 -0.659369707 0.023548946 0.999721706 -0.001402131 -1.864288568 0.004791434 0.001289640 0.999987602 155.666519165
0.999711514 -0.023660822 -0.004142814 -0.663911581 0.023654114 0.999718845 -0.001662490 -1.889853239 0.004180986 0.001564015 0.999989986 157.040756226
0.999645233 -0.026466500 -0.002992985 -0.678654969 0.026472960 0.999647379 0.002140965 -1.912940145 0.002935265 -0.002219439 0.999993205 158.390533447
0.999524057 -0.030786650 -0.002011976 -0.686055064 0.030795312 0.999515951 0.004424189 -1.925007343 0.001874796 -0.004484043 0.999988139 159.760375977
0.999385536 -0.035022721 -0.001398198 -0.685449779 0.035030700 0.999367297 0.006154362 -1.945734620 0.001181771 -0.006199561 0.999980032 161.153335571
0.999355078 -0.035896864 -0.000893591 -0.698155105 0.035901573 0.999337494 0.005974242 -1.954811811 0.000678542 -0.006002471 0.999981701 162.507705688
0.999392748 -0.034842644 0.000294274 -0.705026329 0.034839503 0.999365389 0.007421670 -1.984943032 -0.000552678 -0.007406911 0.999972343 163.880920410
0.999521315 -0.030875286 0.001961610 -0.720304430 0.030861495 0.999501228 0.006708793 -2.000623703 -0.002167767 -0.006645043 0.999975562 165.235931396
0.999611616 -0.027743410 0.002622593 -0.718554735 0.027731257 0.999605000 0.004562715 -2.018552780 -0.002748142 -0.004488216 0.999986112 166.613571167
0.999684095 -0.024871554 0.003618263 -0.729333520 0.024856655 0.999682665 0.004105829 -2.034521103 -0.003719233 -0.004014594 0.999985039 167.959030151
0.999735475 -0.022746511 0.003442225 -0.707880974 0.022728799 0.999728799 0.005100030 -2.048651695 -0.003557299 -0.005020442 0.999980986 169.380371094
0.999795020 -0.019978926 0.003272287 -0.705445766 0.019965710 0.999792695 0.004021965 -2.057039261 -0.003351962 -0.003955807 0.999986529 170.762695312
0.999823987 -0.018583771 0.002584296 -0.706191659 0.018578732 0.999825418 0.001961861 -2.081378937 -0.002620304 -0.001913503 0.999994755 172.140487671
0.999889493 -0.014716569 0.002109275 -0.710957408 0.014718474 0.999891222 -0.000889908 -2.102305412 -0.002095949 0.000920855 0.999997377 173.513992310
0.999954581 -0.009323235 0.001934246 -0.717842937 0.009327743 0.999953747 -0.002334659 -2.123723269 -0.001912390 0.002352596 0.999995351 174.896102905
0.999986708 -0.004611968 0.002298169 -0.726034403 0.004614898 0.999988556 -0.001271741 -2.146077394 -0.002292278 0.001282330 0.999996543 176.292282104
0.999994993 -0.001551855 0.002765580 -0.727779329 0.001550118 0.999998629 0.000629804 -2.167784452 -0.002766553 -0.000625514 0.999996006 177.690841675
0.999994993 -0.000186834 0.003165912 -0.735288024 0.000178305 0.999996364 0.002693984 -2.184859276 -0.003166404 -0.002693405 0.999991357 179.083389282
0.999989927 -0.003948029 0.002119216 -0.731921792 0.003939598 0.999984384 0.003967796 -2.205989599 -0.002134847 -0.003959407 0.999989867 180.473770142
0.999980271 -0.006264250 0.000422215 -0.729730546 0.006262416 0.999971628 0.004211912 -2.224809170 -0.000448587 -0.004209185 0.999991059 181.870513916
0.999976039 -0.006621217 -0.001994519 -0.726383567 0.006621081 0.999978006 -0.000075256 -2.245929718 0.001994973 0.000062048 0.999998033 183.276992798
0.999987602 -0.004177521 -0.002701389 -0.747945428 0.004165786 0.999981880 -0.004334840 -2.266858339 0.002719449 0.004323532 0.999986947 184.674270630
0.999993563 0.000282083 -0.003608919 -0.762926221 -0.000300301 0.999987185 -0.005048500 -2.297089815 0.003607450 0.005049550 0.999980748 186.087203979
0.999987721 0.003177567 -0.003797340 -0.779197872 -0.003192996 0.999986589 -0.004064155 -2.324295998 0.003784375 0.004076229 0.999984443 187.494140625
0.999979198 0.005235708 -0.003774341 -0.787425458 -0.005239306 0.999985814 -0.000943970 -2.336916685 0.003769345 0.000963725 0.999992430 188.939300537
0.999977708 0.005720533 -0.003420808 -0.797248244 -0.005717380 0.999983251 0.000930925 -2.355943918 0.003426076 -0.000911346 0.999993682 190.361785889
0.999980569 0.005124082 -0.003552261 -0.806492329 -0.005116664 0.999984682 0.002094226 -2.379366398 0.003562936 -0.002076010 0.999991477 191.764663696
0.999988437 0.002884841 -0.003834414 -0.808213353 -0.002874795 0.999992430 0.002622763 -2.398604870 0.003841952 -0.002611710 0.999989152 193.195220947
0.999993265 0.000153353 -0.003661144 -0.817933321 -0.000141789 0.999994934 0.003158845 -2.415605783 0.003661610 -0.003158305 0.999988317 194.625976562
0.999992013 -0.002145051 -0.003375048 -0.819170237 0.002154787 0.999993443 0.002883705 -2.428398132 0.003368841 -0.002890954 0.999990106 196.085494995
0.999982059 -0.005204897 -0.002949422 -0.820462108 0.005216412 0.999978662 0.003909843 -2.444285393 0.002929009 -0.003925158 0.999988019 197.515426636
0.999954998 -0.009073233 -0.002770297 -0.818272233 0.009088269 0.999943912 0.005464063 -2.458568335 0.002720565 -0.005488994 0.999981225 198.961242676
0.999930084 -0.011569164 -0.002428106 -0.816779077 0.011581651 0.999919474 0.005192786 -2.472299099 0.002367835 -0.005220544 0.999983549 200.420425415
0.999945581 -0.010189959 -0.002243039 -0.824504852 0.010192688 0.999947309 0.001208411 -2.493574142 0.002230607 -0.001231208 0.999996781 201.866226196
0.999993026 -0.003189872 -0.001931801 -0.837210774 0.003182169 0.999986947 -0.003977869 -2.514389515 0.001944465 0.003971694 0.999990225 203.302047729
0.999982178 0.005950434 -0.000507690 -0.860465944 -0.005952458 0.999973953 -0.004084129 -2.540306091 0.000483375 0.004087078 0.999991477 204.757446289
0.999901712 0.013978515 0.001019023 -0.886108458 -0.013977817 0.999902010 -0.000687392 -2.560772896 -0.001028531 0.000673081 0.999999225 206.200286865
0.999889731 0.014771663 0.001517240 -0.893424094 -0.014773694 0.999889851 0.001335099 -2.583584547 -0.001497352 -0.001357367 0.999997973 207.645263672
0.999920309 0.012594190 0.000844426 -0.887344539 -0.012595859 0.999918640 0.002000996 -2.606667280 -0.000819157 -0.002011473 0.999997616 209.102340698
0.999953985 0.009591148 -0.000011729 -0.893096805 -0.009591114 0.999952555 0.001723138 -2.622617245 0.000028255 -0.001722947 0.999998450 210.564987183
0.999974310 0.007014260 -0.001433518 -0.884830475 -0.007011253 0.999973238 0.002090848 -2.659199715 0.001448146 -0.002080744 0.999996781 212.044708252
0.999965906 0.008088741 -0.001653364 -0.906818271 -0.008087074 0.999966800 0.001012606 -2.671643257 0.001661500 -0.000999200 0.999998033 213.445495605
0.999952018 0.009631704 -0.001812062 -0.914549589 -0.009630620 0.999953449 0.000607512 -2.684258461 0.001817829 -0.000590031 0.999998152 214.921005249
0.999941111 0.010746267 -0.001517157 -0.932172775 -0.010743252 0.999940336 0.001981619 -2.711610794 0.001538361 -0.001965203 0.999996901 216.374526978
0.999949098 0.009860271 -0.002139532 -0.936665297 -0.009856377 0.999949753 0.001823000 -2.736052036 0.002157399 -0.001801819 0.999996066 217.852890015
0.999947429 0.009936013 -0.002501978 -0.939532280 -0.009934720 0.999950469 0.000528134 -2.757079840 0.002507102 -0.000503250 0.999996722 219.344543457
0.999955058 0.008968621 -0.003052520 -0.942180097 -0.008968159 0.999959707 0.000165274 -2.778641701 0.003053880 -0.000137891 0.999995351 220.833267212
0.999948502 0.009547963 -0.003426356 -0.953978181 -0.009548294 0.999954402 -0.000079980 -2.800397158 0.003425437 0.000112692 0.999994099 222.319168091
0.999946356 0.009651950 -0.003761574 -0.961593330 -0.009652995 0.999953330 -0.000259471 -2.825646877 0.003758895 0.000295767 0.999992907 223.815719604
0.999946713 0.009443531 -0.004149878 -0.973434567 -0.009444546 0.999955356 -0.000225252 -2.851277351 0.004147565 0.000264434 0.999991357 225.321517944
0.999934435 0.010552390 -0.004432658 -0.990516543 -0.010555762 0.999944031 -0.000738328 -2.869825840 0.004424618 0.000785069 0.999989867 226.826965332
0.999934554 0.010347291 -0.004876230 -1.000655770 -0.010351537 0.999946058 -0.000846440 -2.894402981 0.004867207 0.000896861 0.999987721 228.333145142
0.999930799 0.010603713 -0.005095253 -1.019671917 -0.010608687 0.999943256 -0.000950058 -2.917318583 0.005084889 0.001004046 0.999986589 229.836273193
0.999935925 0.010017700 -0.005269971 -1.033114791 -0.010023608 0.999949098 -0.001095666 -2.939563751 0.005258726 0.001148419 0.999985516 231.341033936
0.999950588 0.008411782 -0.005292971 -1.043030381 -0.008417786 0.999963939 -0.001112926 -2.967247963 0.005283418 0.001157427 0.999985397 232.853942871
0.999962389 0.006986307 -0.005136423 -1.056029439 -0.006989987 0.999975324 -0.000698639 -3.001054525 0.005131415 0.000734516 0.999986589 234.385391235
0.999972939 0.005518450 -0.004857389 -1.059287310 -0.005520730 0.999984682 -0.000455925 -3.021575451 0.004854798 0.000482729 0.999988139 235.935363770
0.999967277 0.006352756 -0.005007329 -1.076680660 -0.006352033 0.999979794 0.000160281 -3.048397064 0.005008247 -0.000128469 0.999987423 237.435028076
0.999961793 0.007254325 -0.004876253 -1.087485194 -0.007255948 0.999973595 -0.000314975 -3.069295168 0.004873839 0.000350345 0.999988079 238.954147339
0.999960303 0.007595377 -0.004682938 -1.102507710 -0.007599792 0.999970675 -0.000925481 -3.097836494 0.004675772 0.000961033 0.999988616 240.463821411
0.999949396 0.009167627 -0.004146532 -1.115839720 -0.009168925 0.999957860 -0.000294366 -3.120020628 0.004143659 0.000332370 0.999991357 241.982528687
0.999954224 0.008835801 -0.003659672 -1.120576382 -0.008830784 0.999960065 0.001384473 -3.137955666 0.003671760 -0.001352092 0.999992371 243.532409668
0.999956667 0.008835865 -0.002931107 -1.136363506 -0.008830450 0.999959230 0.001855121 -3.162125826 0.002947379 -0.001829157 0.999993980 245.086227417
0.999945939 0.010266612 -0.001639104 -1.158761621 -0.010265874 0.999947131 0.000458911 -3.187535524 0.001643729 -0.000442060 0.999998569 246.597366333
0.999937534 0.011061709 -0.001612036 -1.162417769 -0.011062903 0.999938548 -0.000732314 -3.210884333 0.001603837 0.000750103 0.999998450 248.114379883
0.999932349 0.011501286 -0.001717223 -1.164100409 -0.011501821 0.999933779 -0.000301349 -3.235401630 0.001713643 0.000321080 0.999998510 249.642028809
0.999952793 0.009217110 -0.003072486 -1.156296730 -0.009214580 0.999957144 0.000837103 -3.267427444 0.003080070 -0.000808752 0.999994934 251.163146973
0.999954581 0.008803784 -0.003651336 -1.159990668 -0.008799896 0.999960721 0.001079553 -3.291783094 0.003660695 -0.001047373 0.999992728 252.695983887
0.999950171 0.008786843 -0.004737892 -1.157626152 -0.008781228 0.999960721 0.001204630 -3.317579508 0.004748291 -0.001162965 0.999988019 254.232315063
0.999938309 0.010228360 -0.004326287 -1.174970388 -0.010223260 0.999946952 0.001199465 -3.337084770 0.004338327 -0.001155162 0.999989867 255.766845703
0.999924123 0.011627164 -0.004066361 -1.189933300 -0.011623731 0.999932051 0.000866385 -3.357954979 0.004076159 -0.000819053 0.999991298 257.316223145
0.999919534 0.012052899 -0.003938130 -1.206481695 -0.012048487 0.999926746 0.001142077 -3.383695126 0.003951605 -0.001094537 0.999991596 258.860168457
0.999932408 0.010934751 -0.003948345 -1.215097427 -0.010930805 0.999939740 0.001019538 -3.400331736 0.003959256 -0.000976311 0.999991655 260.413726807
0.999943793 0.009855133 -0.003893106 -1.217048883 -0.009849886 0.999950528 0.001364300 -3.416877270 0.003906359 -0.001325878 0.999991477 261.963226318
0.999973893 0.006202768 -0.003683525 -1.240370512 -0.006192395 0.999976873 0.002820596 -3.452531338 0.003700936 -0.002797713 0.999989212 263.507965088
0.999981344 0.005070492 -0.003395644 -1.255350590 -0.005062603 0.999984443 0.002327633 -3.478627443 0.003407393 -0.002310399 0.999991477 265.053314209
0.999984026 0.003619779 -0.004324553 -1.258179188 -0.003616390 0.999993145 0.000790980 -3.494472980 0.004327386 -0.000775328 0.999990344 266.621246338
0.999991417 0.002174250 -0.003525885 -1.271586895 -0.002166486 0.999995232 0.002204119 -3.512152910 0.003530660 -0.002196461 0.999991357 268.175933838
0.999993622 -0.000569308 -0.003515092 -1.273902416 0.000583990 0.999991119 0.004177168 -3.534264088 0.003512682 -0.004179194 0.999985099 269.735565186
0.999991596 -0.000898842 -0.003998215 -1.268800974 0.000908290 0.999996841 0.002361946 -3.537777901 0.003996080 -0.002365559 0.999989271 271.315765381
0.999994874 -0.001314186 -0.002919388 -1.292729259 0.001320361 0.999996901 0.002114309 -3.569631100 0.002916600 -0.002118153 0.999993443 272.833953857
0.999997854 -0.000300361 -0.002049733 -1.301973820 0.000304151 0.999998212 0.001848703 -3.589337349 0.002049174 -0.001849323 0.999996185 274.393066406
0.999997795 0.001781344 -0.001127842 -1.309441090 -0.001779350 0.999996841 0.001767182 -3.614198446 0.001130987 -0.001765171 0.999997795 275.937988281
0.999993801 0.003553893 0.000115940 -1.320465326 -0.003554051 0.999992669 0.001392699 -3.638290882 -0.000110989 -0.001393102 0.999999046 277.488220215
0.999987721 0.004852026 0.000978293 -1.322751045 -0.004853270 0.999987543 0.001274228 -3.666434526 -0.000972098 -0.001278961 0.999998629 279.039794922
0.999982774 0.005601876 0.001730033 -1.323007107 -0.005603400 0.999983907 0.000877768 -3.690695047 -0.001725088 -0.000887447 0.999998093 280.593261719
0.999976635 0.006352613 0.002522050 -1.307289124 -0.006353065 0.999979794 0.000171905 -3.703927994 -0.002520907 -0.000187924 0.999996781 282.233856201
0.999975204 0.006026199 0.003644556 -1.306794643 -0.006023944 0.999981642 -0.000629473 -3.725720167 -0.003648282 0.000607503 0.999993145 283.799438477
0.999977291 0.005237962 0.004246749 -1.298904896 -0.005237076 0.999986231 -0.000219644 -3.750603199 -0.004247843 0.000197399 0.999990880 285.370666504
0.999981344 0.003913582 0.004680383 -1.287754416 -0.003917248 0.999992013 0.000774438 -3.778494120 -0.004677314 -0.000792758 0.999988735 286.948730469
0.999982953 0.003327939 0.004789382 -1.283149719 -0.003331767 0.999994159 0.000791521 -3.800329208 -0.004786719 -0.000807465 0.999988198 288.537536621
0.999983251 0.002998536 0.004934859 -1.278650880 -0.002989849 0.999993980 -0.001766694 -3.826654196 -0.004940127 0.001751910 0.999986291 290.108886719
0.999987543 0.001362969 0.004805931 -1.276966691 -0.001344199 0.999991477 -0.003906834 -3.854187012 -0.004811215 0.003900326 0.999980807 291.693145752
0.999991596 0.001689424 0.003736677 -1.273023367 -0.001674111 0.999990344 -0.004097198 -3.881391048 -0.003743561 0.004090908 0.999984622 293.259490967
0.999996126 0.000237574 0.002777825 -1.255002379 -0.000226511 0.999992192 -0.003982348 -3.914247513 -0.002778748 0.003981704 0.999988139 294.854461670
0.999998331 0.000029967 0.001783765 -1.259897113 -0.000022109 0.999990284 -0.004405044 -3.950309753 -0.001783880 0.004404999 0.999988735 296.429382324
0.999999225 0.000700993 0.001040451 -1.252715945 -0.000695787 0.999987304 -0.004995733 -3.976566315 -0.001043940 0.004995006 0.999987006 298.032501221
1.000000000 0.000008194 -0.000114152 -1.248996854 -0.000008691 0.999990523 -0.004353619 -4.008022308 0.000114115 0.004353621 0.999990523 299.636657715
0.999999106 -0.000451673 -0.001263073 -1.239739299 0.000446275 0.999990761 -0.004270886 -4.032459259 0.001264990 0.004270319 0.999990046 301.235900879
0.999996305 -0.001078268 -0.002467635 -1.252499580 0.001071535 0.999995708 -0.002728077 -4.073043346 0.002470565 0.002725422 0.999993205 302.828857422
0.999994576 0.000472746 -0.003258239 -1.258517981 -0.000476774 0.999999106 -0.001235695 -4.101879597 0.003257652 0.001237242 0.999993920 304.425445557
0.999996424 0.000905324 -0.002513246 -1.269856572 -0.000909422 0.999998271 -0.001629800 -4.121795654 0.002511766 0.001632080 0.999995530 306.034851074
0.999997914 0.000120738 -0.002043372 -1.284677148 -0.000124519 0.999998212 -0.001850301 -4.152576923 0.002043145 0.001850551 0.999996185 307.607086182
0.999998391 -0.000802796 -0.001595328 -1.293411493 0.000799883 0.999998033 -0.001825535 -4.184464455 0.001596789 0.001824256 0.999997079 309.190399170
0.999998152 -0.001096408 -0.001566341 -1.301981330 0.001092540 0.999996305 -0.002467940 -4.207027435 0.001569042 0.002466225 0.999995708 310.785888672
0.999996960 -0.002231000 -0.001056202 -1.323938489 0.002226552 0.999988735 -0.004194657 -4.241312027 0.001065548 0.004192292 0.999990582 312.360931396
0.999995232 -0.002500956 -0.001798647 -1.306384444 0.002491287 0.999982536 -0.005357941 -4.264391899 0.001812016 0.005353434 0.999984026 314.022094727
0.999990702 -0.001606817 -0.004005808 -1.313791633 0.001582272 0.999979973 -0.006123148 -4.302178383 0.004015566 0.006116753 0.999973238 315.663146973
0.999975204 -0.001155092 -0.006940575 -1.308071017 0.001113732 0.999981582 -0.005960043 -4.326219082 0.006947331 0.005952165 0.999958158 317.326843262
0.999973059 0.000455928 -0.007326667 -1.313858986 -0.000477828 0.999995410 -0.002987657 -4.349483490 0.007325272 0.002991078 0.999968708 318.999114990
0.999970615 -0.001315086 -0.007548662 -1.312567234 0.001314655 0.999999046 -0.000062002 -4.372277737 0.007548737 0.000052076 0.999971509 320.658691406
0.999970138 -0.002149231 -0.007442814 -1.328316689 0.002154184 0.999997437 0.000657496 -4.398810387 0.007441383 -0.000673510 0.999972105 322.299407959
0.999963701 -0.003757991 -0.007665754 -1.339418650 0.003752915 0.999992847 -0.000676415 -4.426198006 0.007668242 0.000647621 0.999970317 323.924407959
0.999955356 -0.005275289 -0.007837164 -1.344188094 0.005269037 0.999985754 -0.000818083 -4.451225281 0.007841370 0.000776753 0.999968946 325.572875977
0.999954760 -0.005677912 -0.007633477 -1.357309222 0.005671135 0.999983490 -0.000909119 -4.473728180 0.007638513 0.000865787 0.999970436 327.247924805
0.999956727 -0.005550357 -0.007468061 -1.370669484 0.005545242 0.999984384 -0.000705314 -4.508250713 0.007471858 0.000663871 0.999971867 328.871063232
0.999971747 -0.003277050 -0.006759942 -1.378532410 0.003261483 0.999991953 -0.002312596 -4.522665977 0.006767467 0.002290483 0.999974489 330.564422607
0.999976516 -0.003108612 -0.006111719 -1.402275085 0.003095226 0.999992788 -0.002198440 -4.568155289 0.006118508 0.002179471 0.999978900 332.176422119
0.999974847 -0.004441353 -0.005516987 -1.402319670 0.004440637 0.999990106 -0.000141950 -4.596912861 0.005517563 0.000117448 0.999984801 333.845916748
0.999966443 -0.005710241 -0.005898629 -1.406463504 0.005714969 0.999983311 0.000784889 -4.627834797 0.005894050 -0.000818573 0.999982238 335.478820801
0.999954104 -0.007243487 -0.006288629 -1.408118963 0.007240332 0.999973655 -0.000524344 -4.650162697 0.006292262 0.000478788 0.999980092 337.126098633
0.999961317 -0.005875981 -0.006542902 -1.422610044 0.005872717 0.999982595 -0.000517979 -4.677733421 0.006545833 0.000479535 0.999978483 338.759063721
0.999965847 -0.004405239 -0.007005757 -1.432468414 0.004388218 0.999987364 -0.002442955 -4.709226608 0.007016431 0.002412128 0.999972403 340.393920898
0.999965847 -0.002902595 -0.007751438 -1.454106808 0.002860443 0.999981105 -0.005443645 -4.740970612 0.007767093 0.005421286 0.999955118 342.016937256
0.999963105 -0.001337762 -0.008474969 -1.475776553 0.001295799 0.999986887 -0.004954939 -4.775847912 0.008481486 0.004943775 0.999951839 343.650390625
0.999952972 -0.000752179 -0.009667694 -1.493790865 0.000739124 0.999998748 -0.001353887 -4.810426235 0.009668701 0.001346678 0.999952316 345.280181885
0.999942124 0.000111271 -0.010751361 -1.512188435 -0.000096930 0.999999046 0.001334413 -4.835966587 0.010751497 -0.001333294 0.999941289 346.924591064
0.999928296 0.001002685 -0.011926528 -1.536215782 -0.001002223 0.999999464 0.000044712 -4.865219116 0.011926566 -0.000032756 0.999928892 348.542541504
0.999904037 0.000241752 -0.013852061 -1.560526371 -0.000261674 0.999998868 -0.001436407 -4.895111084 0.013851698 0.001439893 0.999903023 350.147705078
0.999877572 -0.000767817 -0.015627293 -1.586712122 0.000765638 0.999999702 -0.000145416 -4.924189568 0.015627403 0.000133433 0.999877870 351.772552490
0.999857903 -0.002290550 -0.016699960 -1.614858150 0.002294450 0.999997258 0.000214396 -4.950542450 0.016699424 -0.000252683 0.999860466 353.381805420
0.999845564 -0.002686905 -0.017369144 -1.641344547 0.002674289 0.999996245 -0.000749466 -4.979932785 0.017371088 0.000702900 0.999848783 354.991821289
0.999833345 -0.003696967 -0.017876910 -1.668711662 0.003669463 0.999992013 -0.001570975 -5.011013031 0.017882580 0.001505115 0.999838948 356.604858398
0.999828160 -0.003860363 -0.018131685 -1.697654724 0.003832963 0.999991477 -0.001545675 -5.046478748 0.018137502 0.001475912 0.999834418 358.228302002
0.999828160 -0.004513307 -0.017978776 -1.737504482 0.004482707 0.999988437 -0.001741969 -5.076815605 0.017986426 0.001661076 0.999836862 359.835571289
0.999825239 -0.004803601 -0.018066332 -1.772497177 0.004762541 0.999985933 -0.002315080 -5.109989166 0.018077202 0.002228634 0.999834120 361.449249268
0.999816835 -0.005180806 -0.018425569 -1.802510738 0.005125909 0.999982297 -0.003025371 -5.140504837 0.018440917 0.002930369 0.999825656 363.062377930
0.999817133 -0.005892972 -0.018194066 -1.837298393 0.005845555 0.999979317 -0.002658297 -5.173101902 0.018209353 0.002551456 0.999830961 364.672515869
0.999819398 -0.005346618 -0.018233104 -1.869304657 0.005283231 0.999979854 -0.003522806 -5.203279018 0.018251570 0.003425840 0.999827504 366.270050049
0.999806464 -0.006899204 -0.018422602 -1.899870872 0.006815130 0.999966085 -0.004622493 -5.242530823 0.018453866 0.004496045 0.999819696 367.866180420
0.999808431 -0.007588985 -0.018043155 -1.933980942 0.007530723 0.999966204 -0.003294914 -5.267572880 0.018067550 0.003158405 0.999831796 369.467010498
0.999789476 -0.009634192 -0.018115956 -1.967849731 0.009589584 0.999950767 -0.002547734 -5.300421238 0.018139606 0.002373473 0.999832630 371.060638428
0.999775171 -0.010557082 -0.018387115 -2.005297184 0.010513139 0.999941647 -0.002484900 -5.346796989 0.018412277 0.002291035 0.999827862 372.643005371
0.999789715 -0.009595299 -0.018122084 -2.034057140 0.009532548 0.999948263 -0.003545797 -5.372158051 0.018155171 0.003372302 0.999829590 374.278564453
0.999811649 -0.008270057 -0.017556623 -2.086491108 0.008230665 0.999963403 -0.002314743 -5.408221245 0.017575124 0.002169804 0.999843180 375.849273682
0.999833107 -0.006325155 -0.017141512 -2.111471653 0.006292225 0.999978244 -0.001974294 -5.428795815 0.017153626 0.001866107 0.999851167 377.485870361
0.999806821 -0.008906748 -0.017529108 -2.155710220 0.008879492 0.999959230 -0.001632238 -5.479957581 0.017542932 0.001476273 0.999845028 379.064758301
0.999793291 -0.009583513 -0.017931966 -2.184106827 0.009542403 0.999951661 -0.002376758 -5.512972832 0.017953873 0.002205153 0.999836385 380.665954590
0.999789178 -0.009885615 -0.017997604 -2.214283943 0.009837512 0.999947786 -0.002759456 -5.543570518 0.018023940 0.002581823 0.999834239 382.296661377
0.999789357 -0.009824710 -0.018019406 -2.245462894 0.009772183 0.999947727 -0.003000799 -5.576262474 0.018047944 0.002824077 0.999833047 383.914367676
0.999805093 -0.008994566 -0.017573189 -2.282534122 0.008943529 0.999955535 -0.002980612 -5.607763290 0.017599219 0.002822865 0.999841273 385.542114258
0.999827325 -0.007440068 -0.017028520 -2.322700977 0.007405546 0.999970376 -0.002089425 -5.640711784 0.017043557 0.001962959 0.999852836 387.164794922
0.999842644 -0.005737214 -0.016787425 -2.354548931 0.005687178 0.999979258 -0.003026731 -5.667077065 0.016804442 0.002930782 0.999854505 388.806243896
