0.999995 -0.00136247 -0.002916 -0.00794223 0.00135392 0.999995 -0.00293368 0.00519061 0.00291998 0.00292972 0.999991 0.657542 
0.999966 0.0004491 -0.00826791 0.00757832 -0.000481683 0.999992 -0.0039393 -0.0159876 0.00826608 0.00394315 0.999958 1.36999 
0.999922 0.000426409 -0.0125022 0.00340571 -0.000476054 0.999992 -0.00396817 -0.0462657 0.0125004 0.00397381 0.999914 2.08436 
0.999841 0.00215795 -0.0176976 -0.00979566 -0.00224159 0.999986 -0.00470774 -0.0512187 0.0176872 0.00474666 0.999832 2.81504 
0.999761 0.00175432 -0.0217717 -0.0367561 -0.00186293 0.999986 -0.00496913 -0.0668118 0.0217626 0.0050085 0.999751 3.55986 
0.999641 0.00356275 -0.0265434 -0.0554804 -0.0037264 0.999974 -0.00611873 -0.0797961 0.0265209 0.00621545 0.999629 4.31775 
0.999467 0.0069909 -0.0318994 -0.0771067 -0.00721511 0.99995 -0.00691893 -0.0880475 0.0318495 0.0071454 0.999467 5.09489 
0.999258 0.00891441 -0.0374573 -0.0846773 -0.00913723 0.999942 -0.00578179 -0.0956488 0.0374035 0.00611976 0.999282 5.89083 
0.999081 0.00790407 -0.042133 -0.116626 -0.00802879 0.999964 -0.00279177 -0.116078 0.0421094 0.00312749 0.999108 6.696 
0.998897 0.0075042 -0.0463486 -0.142332 -0.00749201 0.999972 0.000436666 -0.150798 0.0463506 -8.89402e-05 0.998925 7.52545 
0.998725 0.0096582 -0.0495482 -0.176668 -0.00966779 0.999953 4.59784e-05 -0.170613 0.0495464 0.000433102 0.998772 8.3486 
0.998554 0.0103457 -0.0527514 -0.206057 -0.0103591 0.999946 1.92057e-05 -0.183184 0.0527488 0.00052728 0.998608 9.18583 
0.99847 0.00662444 -0.0548987 -0.253595 -0.00667054 0.999978 -0.000656602 -0.177627 0.0548931 0.0010218 0.998492 10.0183 
0.99831 0.00508347 -0.0578893 -0.301263 -0.00507885 0.999987 0.000226917 -0.184452 0.0578897 6.74775e-05 0.998323 10.9061 
0.998264 0.00246944 -0.0588529 -0.376312 -0.00249528 0.999997 -0.000365501 -0.179363 0.0588518 0.000511721 0.998267 11.7795 
0.99821 0.00693515 -0.0594009 -0.486631 -0.00712581 0.99997 -0.00299841 -0.200724 0.0593784 0.00341632 0.99823 12.6736 
0.998129 0.00612369 -0.0608298 -0.550957 -0.00647049 0.999964 -0.00550582 -0.211975 0.0607939 0.00588912 0.998133 13.5643 
0.997952 0.0123109 -0.0627683 -0.619219 -0.0127671 0.999895 -0.00687194 -0.243352 0.0626771 0.00765924 0.998004 14.4587 
0.997905 0.0132833 -0.0633209 -0.713742 -0.0137407 0.999883 -0.00679333 -0.253185 0.0632232 0.00764917 0.99797 15.3682 
0.997829 0.0119019 -0.0647713 -0.770895 -0.012288 0.999909 -0.00556638 -0.262858 0.0646992 0.00635021 0.997885 16.2503 
0.997766 0.0108625 -0.0659104 -0.854107 -0.0111637 0.999929 -0.00420389 -0.267886 0.0658601 0.00493031 0.997817 17.1736 
0.997724 0.0116425 -0.0664162 -0.923253 -0.0119289 0.999921 -0.00391765 -0.295792 0.0663653 0.00470101 0.997784 18.0781 
0.997515 0.0108354 -0.0696167 -0.960149 -0.0112094 0.999925 -0.00498286 -0.307626 0.0695575 0.00575084 0.997561 18.9894 
0.997452 0.00884896 -0.0707966 -1.02542 -0.00930076 0.999938 -0.00605466 -0.316748 0.0707387 0.00669769 0.997472 19.9063 
0.997395 0.00952626 -0.0714969 -1.08744 -0.00984833 0.999943 -0.00415355 -0.338879 0.0714532 0.00484686 0.997432 20.8213 
0.997424 0.0104917 -0.0709593 -1.17879 -0.0105479 0.999944 -0.00041744 -0.35787 0.070951 0.00116484 0.997479 21.7516 
0.997433 0.0122416 -0.0705516 -1.23692 -0.0120202 0.999921 0.00356228 -0.39042 0.0705897 -0.00270509 0.997502 22.6807 
0.997514 0.0113863 -0.0695385 -1.29274 -0.0109623 0.999919 0.00647604 -0.41234 0.0696066 -0.00569764 0.997558 23.6352 
0.997628 0.0123894 -0.0677144 -1.36273 -0.0119386 0.999904 0.00705728 -0.415787 0.0677953 -0.00623212 0.99768 24.5564 
0.997752 0.0147671 -0.0653681 -1.45717 -0.0145281 0.999886 0.00413022 -0.437807 0.0654217 -0.00317126 0.997853 25.5151 
0.997767 0.0177583 -0.064381 -1.53031 -0.0178568 0.99984 -0.000955066 -0.449527 0.0643538 0.00210257 0.997925 26.4629 
0.997861 0.0169936 -0.0631219 -1.60584 -0.017234 0.999846 -0.00326685 -0.476137 0.0630567 0.00434771 0.998 27.4286 
0.997879 0.0153184 -0.0632643 -1.64133 -0.0155082 0.999877 -0.00251005 -0.491556 0.0632181 0.00348584 0.997994 28.3876 
0.997924 0.0140882 -0.0628387 -1.73208 -0.0139709 0.9999 0.00230564 -0.506421 0.0628649 -0.00142293 0.998021 29.3811 
0.99787 0.0110475 -0.0642895 -1.7773 -0.0107139 0.999927 0.00553236 -0.528125 0.064346 -0.00483179 0.997916 30.3634 
0.997815 0.00372394 -0.0659719 -1.80839 -0.00346264 0.999986 0.00407456 -0.533161 0.0659861 -0.00383722 0.997813 31.3198 
0.997737 0.00176067 -0.0672142 -1.88702 -0.00175584 0.999998 0.000130987 -0.541241 0.0672144 -1.26734e-05 0.997739 32.3319 
0.997665 0.00236976 -0.0682628 -1.97525 -0.00261461 0.99999 -0.00349763 -0.554929 0.0682539 0.00366794 0.997661 33.3045 
0.99758 0.00427586 -0.0693962 -2.09339 -0.00460016 0.999979 -0.00451411 -0.560087 0.0693755 0.00482241 0.997579 34.3113 
0.997532 0.00519787 -0.0700254 -2.18062 -0.00541437 0.999981 -0.00290232 -0.592564 0.070009 0.0032743 0.997541 35.3321 
0.997402 0.00862288 -0.0715169 -2.24765 -0.00866245 0.999962 -0.000243183 -0.602383 0.0715121 0.000862063 0.997439 36.3228 
0.997274 0.0086964 -0.0732673 -2.3033 -0.00864211 0.999962 0.00105805 -0.60813 0.0732737 -0.00042198 0.997312 37.3147 
0.997228 0.0106702 -0.0736312 -2.39745 -0.0104358 0.999939 0.00356745 -0.628966 0.0736648 -0.00278917 0.997279 38.3172 
0.997211 0.011425 -0.0737594 -2.46847 -0.0109076 0.999913 0.00741345 -0.668297 0.0738377 -0.00658823 0.997249 39.2957 
0.997049 0.015804 -0.0751178 -2.52739 -0.0150897 0.999835 0.0100675 -0.664584 0.0752646 -0.00890433 0.997124 40.2817 
0.997045 0.0155211 -0.0752377 -2.6056 -0.0148799 0.999848 0.0090756 -0.660057 0.0753672 -0.00792925 0.997124 41.2904 
0.997082 0.0160888 -0.0746209 -2.69958 -0.0155709 0.999851 0.00751762 -0.664264 0.0747307 -0.00633377 0.997184 42.2688 
0.997048 0.0201494 -0.0740957 -2.77405 -0.0197717 0.999788 0.00582672 -0.677395 0.0741974 -0.00434452 0.997234 43.2376 
0.996905 0.0222311 -0.0754064 -2.83627 -0.0218032 0.999741 0.00649268 -0.710911 0.0755312 -0.00482849 0.997132 44.2274 
0.99679 0.0215927 -0.0770972 -2.89692 -0.0210765 0.99975 0.00750377 -0.732986 0.0772399 -0.00585475 0.996995 45.2061 
0.996659 0.0223081 -0.0785649 -2.94419 -0.0217041 0.999728 0.00853331 -0.742888 0.0787339 -0.00679963 0.996872 46.1704 
0.996492 0.0262515 -0.0794637 -2.98878 -0.0259226 0.999651 0.00516738 -0.75836 0.0795716 -0.00308935 0.996824 47.1133 
0.99637 0.0282025 -0.0803222 -3.07299 -0.0281764 0.999602 0.0014584 -0.779484 0.0803313 0.000810081 0.996768 48.0785 
0.996224 0.031912 -0.0807414 -3.14134 -0.0319795 0.999488 0.000456226 -0.807535 0.0807146 0.00212757 0.996735 49.0048 
0.996225 0.0305004 -0.0812712 -3.20761 -0.0302958 0.999534 0.00374945 -0.82125 0.0813477 -0.00127312 0.996685 49.9603 
0.996141 0.0311879 -0.0820452 -3.24646 -0.0306772 0.999501 0.0074776 -0.86697 0.0822375 -0.00493183 0.996601 50.892 
0.996049 0.0315342 -0.0830212 -3.29495 -0.0309385 0.999486 0.00845294 -0.897169 0.0832451 -0.00585099 0.996512 51.8305 
0.996035 0.0309364 -0.0834153 -3.3605 -0.0303372 0.999504 0.0084411 -0.946786 0.083635 -0.00587704 0.996479 52.7915 
0.995933 0.0300548 -0.0849382 -3.41404 -0.0295959 0.99954 0.00665754 -0.958516 0.0850992 -0.00411664 0.996364 53.7589 
0.995838 0.029274 -0.0863066 -3.48652 -0.0287353 0.999559 0.00747659 -0.962215 0.0864874 -0.00496543 0.996241 54.7018 
0.995786 0.0276835 -0.0874249 -3.55712 -0.0268156 0.999579 0.0110865 -0.975112 0.087695 -0.00869546 0.996109 55.6186 
0.995746 0.026282 -0.0883083 -3.64047 -0.0249766 0.999562 0.0158555 -0.982833 0.0886863 -0.0135824 0.995967 56.585 
0.995672 0.0282676 -0.0885286 -3.73277 -0.0267714 0.999479 0.0180431 -0.983981 0.0889925 -0.015595 0.99591 57.5184 
0.995456 0.0311919 -0.0899638 -3.82316 -0.030052 0.99945 0.0139973 -0.985749 0.090351 -0.0112301 0.995847 58.4556 
0.995223 0.0344952 -0.09133 -3.91502 -0.0340375 0.999399 0.00656452 -0.999611 0.0915015 -0.00342452 0.995799 59.3787 
0.994979 0.0398788 -0.091791 -4.02069 -0.0397722 0.999204 0.00299083 -1.03201 0.0918372 0.000674914 0.995774 60.2985 
0.994526 0.0479876 -0.0928149 -4.11274 -0.0477814 0.998848 0.00444346 -1.0583 0.0929212 1.56879e-05 0.995673 61.2005 
0.994305 0.0505905 -0.0937963 -4.20194 -0.0501516 0.998717 0.00703211 -1.0756 0.0940317 -0.00228802 0.995567 62.0967 
0.994117 0.0538134 -0.0940024 -4.32887 -0.0532774 0.998546 0.00820363 -1.07558 0.0943072 -0.00314716 0.995538 63.0065 
0.994 0.0543818 -0.0949046 -4.42694 -0.0538642 0.998516 0.00800975 -1.07899 0.0951994 -0.00284974 0.995454 63.8865 
0.993705 0.0562612 -0.0968784 -4.49446 -0.0555866 0.998407 0.00965015 -1.10829 0.0972671 -0.00420426 0.995249 64.7098 
0.99353 0.0563052 -0.0986286 -4.56443 -0.0555511 0.998402 0.0103774 -1.1224 0.0990552 -0.00483138 0.99507 65.5437 
0.993421 0.0557267 -0.100049 -4.66857 -0.0549395 0.998433 0.0106077 -1.11881 0.100483 -0.00504125 0.994926 66.3975 
0.993269 0.0559484 -0.101426 -4.74948 -0.0550349 0.998415 0.0117853 -1.13326 0.101925 -0.006124 0.994773 67.1866 
0.992952 0.0586044 -0.103017 -4.8322 -0.0574014 0.998244 0.0146065 -1.13806 0.103692 -0.0085902 0.994572 67.9989 
0.992811 0.0597053 -0.103739 -4.94539 -0.0581073 0.998141 0.0183615 -1.13343 0.104643 -0.0122015 0.994435 68.8034 
0.992408 0.0634015 -0.105391 -5.03441 -0.0616583 0.997902 0.0197202 -1.1287 0.10642 -0.0130723 0.994235 69.5781 
0.992103 0.0664455 -0.106376 -5.13088 -0.0651484 0.997753 0.0156268 -1.1178 0.107175 -0.00857315 0.994203 70.3233 
0.991908 0.0681798 -0.107094 -5.23364 -0.0677858 0.997673 0.00731912 -1.08931 0.107344 -4.16973e-07 0.994222 71.0596 
0.991759 0.0677043 -0.10877 -5.3094 -0.0679823 0.997686 0.00115473 -1.08203 0.108597 0.00624925 0.994066 71.7835 
0.991599 0.0694285 -0.109142 -5.39232 -0.0698434 0.997558 2.21007e-05 -1.08809 0.108877 0.0076009 0.994026 72.4691 
0.99139 0.0716232 -0.109614 -5.48515 -0.0717185 0.99742 0.00307777 -1.08354 0.109552 0.00481007 0.993969 73.1461 
0.991131 0.0724088 -0.11143 -5.54961 -0.0721538 0.997373 0.00632544 -1.114 0.111595 0.00177075 0.993752 73.7916 
0.991181 0.0708429 -0.111992 -5.63233 -0.0709702 0.997474 0.00285461 -1.12728 0.111912 0.00511868 0.993705 74.4301 
0.991754 0.0642025 -0.110912 -5.72671 -0.0649458 0.997884 -0.00309834 -1.13994 0.110479 0.0102761 0.993825 75.0411 
0.992082 0.0610325 -0.109766 -5.78472 -0.0622937 0.998025 -0.00809465 -1.15427 0.109055 0.0148683 0.993925 75.6228 
0.992266 0.0635652 -0.106623 -5.85814 -0.0648194 0.997862 -0.00833511 -1.1496 0.105865 0.0151819 0.994265 76.217 
0.992181 0.0691349 -0.10391 -5.89812 -0.070201 0.997511 -0.00663352 -1.12493 0.103192 0.0138762 0.994565 76.8186 
0.992557 0.0677294 -0.101209 -5.91222 -0.0684712 0.997646 -0.00386934 -1.13516 0.100708 0.0107704 0.994858 77.4039 
0.993376 0.0641427 -0.0953417 -5.96552 -0.0644925 0.997918 -0.000588887 -1.13481 0.0951054 0.00673381 0.995444 77.9379 
0.994387 0.0599292 -0.087191 -6.00812 -0.059946 0.998199 0.00242865 -1.15 0.0871795 0.00281173 0.996189 78.4604 
0.994931 0.0645227 -0.0771344 -6.03693 -0.0646088 0.99791 0.00138183 -1.13618 0.0770623 0.00360874 0.99702 78.9921 
0.995588 0.0700952 -0.0623855 -6.07152 -0.0701391 0.997536 0.00148852 -1.15004 0.0623361 0.00289371 0.998051 79.4978 
0.99624 0.0741716 -0.0447779 -6.09157 -0.0741177 0.997245 0.00286434 -1.16681 0.0448671 0.000465266 0.998993 79.9898 
0.997027 0.07357 -0.0229211 -6.08902 -0.0735272 0.99729 0.00270546 -1.15584 0.023058 -0.00101209 0.999734 80.4869 
0.997512 0.0704412 0.00297055 -6.07169 -0.0704521 0.997508 0.00371967 -1.15882 -0.00270113 -0.0039197 0.999989 80.9625 
0.997005 0.0700836 0.0327049 -6.05204 -0.0702961 0.997512 0.00539366 -1.16389 -0.0322456 -0.00767654 0.99945 81.43 
0.995363 0.0707167 0.0652003 -5.99667 -0.0712452 0.997442 0.00581343 -1.15155 -0.0646224 -0.0104317 0.997855 81.9011 
0.992146 0.0718305 0.102404 -5.93679 -0.0728492 0.997323 0.00623813 -1.14948 -0.101682 -0.0136492 0.994723 82.3479 
